200.5 -1.667
201.5 -1.68594
202.5 -1.67396
203.5 -1.60991
204.5 -1.60423
205.5 -1.63833
206.5 -1.61217
207.5 -1.61841
208.5 -1.61031
209.5 -1.58905
210.5 -1.61618
211.5 -1.60802
212.5 -1.61114
213.5 -1.65796
214.5 -1.65407
215.5 -1.62448
216.5 -1.6099
217.5 -1.61466
218.5 -1.61787
219.5 -1.60475
220.5 -1.5897
221.5 -1.57935
222.5 -1.59012
223.5 -1.59637
224.5 -1.60313
225.5 -1.60021
226.5 -1.58865
227.5 -1.58762
228.5 -1.59231
229.5 -1.59749
230.5 -1.59841
231.5 -1.58239
232.5 -1.56958
233.5 -1.56887
234.5 -1.56248
235.5 -1.56304
236.5 -1.56551
237.5 -1.56875
238.5 -1.56993
239.5 -1.56246
240.5 -1.54912
241.5 -1.53806
242.5 -1.53285
243.5 -1.53565
244.5 -1.54612
245.5 -1.54593
246.5 -1.53614
247.5 -1.53068
248.5 -1.52927
249.5 -1.52976
250.5 -1.53392
251.5 -1.5348
252.5 -1.53042
253.5 -1.52538
254.5 -1.52255
255.5 -1.52194
256.5 -1.52556
257.5 -1.52828
258.5 -1.52186
259.5 -1.5175
260.5 -1.5197
261.5 -1.52039
262.5 -1.51988
263.5 -1.51906
264.5 -1.51648
265.5 -1.51416
266.5 -1.51216
267.5 -1.51554
268.5 -1.51563
269.5 -1.50877
270.5 -1.50962
271.5 -1.51486
272.5 -1.51998
273.5 -1.51251
274.5 -1.50191
275.5 -1.50624
276.5 -1.50794
277.5 -1.51023
278.5 -1.50879
279.5 -1.50269
280.5 -1.49678
281.5 -1.49472
282.5 -1.49799
283.5 -1.50028
284.5 -1.50175
285.5 -1.49469
286.5 -1.48927
287.5 -1.49173
288.5 -1.49643
289.5 -1.49261
290.5 -1.48483
291.5 -1.48023
292.5 -1.48346
293.5 -1.48739
294.5 -1.48887
295.5 -1.48802
296.5 -1.48854
297.5 -1.49309
298.5 -1.48547
299.5 -1.47891
300.5 -1.48293
301.5 -1.48557
302.5 -1.48655
303.5 -1.48525
304.5 -1.48033
305.5 -1.47704
306.5 -1.48052
307.5 -1.48246
308.5 -1.47474
309.5 -1.47095
310.5 -1.47367
311.5 -1.47031
312.5 -1.47126
313.5 -1.47852
314.5 -1.48087
315.5 -1.4727
316.5 -1.47112
317.5 -1.47286
318.5 -1.46528
319.5 -1.46705
320.5 -1.48243
321.5 -1.48228
322.5 -1.46996
323.5 -1.46855
324.5 -1.47337
325.5 -1.47899
326.5 -1.47506
327.5 -1.46777
328.5 -1.47046
329.5 -1.4755
330.5 -1.47123
331.5 -1.46656
332.5 -1.46531
333.5 -1.46343
334.5 -1.46206
335.5 -1.4679
336.5 -1.47218
337.5 -1.46583
338.5 -1.46205
339.5 -1.47485
340.5 -1.47877
341.5 -1.47745
342.5 -1.47613
343.5 -1.47004
344.5 -1.4644
345.5 -1.46606
346.5 -1.46869
347.5 -1.46713
348.5 -1.4716
349.5 -1.47474
350.5 -1.47874
351.5 -1.47702
352.5 -1.46946
353.5 -1.46641
354.5 -1.46322
355.5 -1.46192
356.5 -1.46672
357.5 -1.47217
358.5 -1.46672
359.5 -1.45769
360.5 -1.45583
361.5 -1.45928
362.5 -1.46578
363.5 -1.46703
364.5 -1.46501
365.5 -1.4616
366.5 -1.46107
367.5 -1.46324
368.5 -1.46487
369.5 -1.46417
370.5 -1.46273
371.5 -1.46251
372.5 -1.46314
373.5 -1.46194
374.5 -1.46151
375.5 -1.46426
376.5 -1.46356
377.5 -1.46005
378.5 -1.45902
379.5 -1.45922
380.5 -1.45976
381.5 -1.46049
382.5 -1.46173
383.5 -1.46196
384.5 -1.46088
385.5 -1.46166
386.5 -1.46123
387.5 -1.4595
388.5 -1.45816
389.5 -1.45939
390.5 -1.46132
391.5 -1.46155
392.5 -1.46155
393.5 -1.46159
394.5 -1.46191
395.5 -1.46106
396.5 -1.46068
397.5 -1.46002
398.5 -1.46018
399.5 -1.45972
400.5 -1.45911
401.5 -1.45961
402.5 -1.46042
403.5 -1.45996
404.5 -1.45973
405.5 -1.46096
406.5 -1.46074
407.5 -1.46055
408.5 -1.46151
409.5 -1.46183
410.5 -1.4597
411.5 -1.45859
412.5 -1.45917
413.5 -1.45994
414.5 -1.46118
415.5 -1.46076
416.5 -1.45811
417.5 -1.45696
418.5 -1.45788
419.5 -1.45892
420.5 -1.45777
421.5 -1.45762
422.5 -1.45969
423.5 -1.46027
424.5 -1.46096
425.5 -1.46031
426.5 -1.45804
427.5 -1.45816
428.5 -1.45959
429.5 -1.4612
430.5 -1.46074
431.5 -1.45897
432.5 -1.45882
433.5 -1.45952
434.5 -1.45859
435.5 -1.4579
436.5 -1.45783
437.5 -1.45645
438.5 -1.45691
439.5 -1.45856
440.5 -1.45833
441.5 -1.45757
442.5 -1.45761
443.5 -1.45673
444.5 -1.45581
445.5 -1.45658
446.5 -1.4585
447.5 -1.45785
448.5 -1.45701
449.5 -1.4577
450.5 -1.45816
451.5 -1.45824
452.5 -1.45671
453.5 -1.45602
454.5 -1.45671
455.5 -1.45809
456.5 -1.45809
457.5 -1.45675
458.5 -1.45775
459.5 -1.45879
460.5 -1.4586
461.5 -1.45752
462.5 -1.45688
463.5 -1.45856
464.5 -1.4581
465.5 -1.4565
466.5 -1.45627
467.5 -1.45718
468.5 -1.45849
469.5 -1.45719
470.5 -1.45536
471.5 -1.45582
472.5 -1.45696
473.5 -1.45746
474.5 -1.45742
475.5 -1.45742
476.5 -1.457
477.5 -1.45727
478.5 -1.45892
479.5 -1.45877
480.5 -1.45831
481.5 -1.45862
482.5 -1.45747
483.5 -1.45659
484.5 -1.45755
485.5 -1.45851
486.5 -1.4574
487.5 -1.45725
488.5 -1.45652
489.5 -1.45519
490.5 -1.45721
491.5 -1.45748
492.5 -1.45641
493.5 -1.45699
494.5 -1.45676
495.5 -1.4568
496.5 -1.45749
497.5 -1.45845
498.5 -1.45903
499.5 -1.45742
500.5 -1.45627
501.5 -1.45731
502.5 -1.45731
503.5 -1.45643
504.5 -1.45685
505.5 -1.45777
506.5 -1.45758
507.5 -1.45624
508.5 -1.45632
509.5 -1.45705
510.5 -1.45732
511.5 -1.45728
512.5 -1.45728
513.5 -1.458
514.5 -1.45762
515.5 -1.45663
516.5 -1.45663
517.5 -1.45713
518.5 -1.45694
519.5 -1.45816
520.5 -1.45843
521.5 -1.45755
522.5 -1.45732
523.5 -1.45664
524.5 -1.45595
525.5 -1.45687
526.5 -1.45664
527.5 -1.45618
528.5 -1.45698
529.5 -1.4579
530.5 -1.45653
531.5 -1.45515
532.5 -1.45607
533.5 -1.4571
534.5 -1.456
535.5 -1.45554
536.5 -1.45623
537.5 -1.45645
538.5 -1.4581
539.5 -1.45837
540.5 -1.4573
541.5 -1.45757
542.5 -1.45734
543.5 -1.45688
544.5 -1.45803
545.5 -1.4578
546.5 -1.45738
547.5 -1.45696
548.5 -1.4565
549.5 -1.45646
550.5 -1.45623
551.5 -1.45738
552.5 -1.45742
553.5 -1.45746
554.5 -1.45708
555.5 -1.45643
556.5 -1.45666
557.5 -1.4562
558.5 -1.45666
559.5 -1.4567
560.5 -1.45655
561.5 -1.45701
562.5 -1.45701
563.5 -1.45655
564.5 -1.45655
565.5 -1.45782
566.5 -1.45809
567.5 -1.45694
568.5 -1.45557
569.5 -1.45648
570.5 -1.45717
571.5 -1.45602
572.5 -1.45579
573.5 -1.45583
574.5 -1.45614
575.5 -1.45645
576.5 -1.45645
577.5 -1.45622
578.5 -1.45622
579.5 -1.45553
580.5 -1.4563
581.5 -1.45699
582.5 -1.45703
583.5 -1.45836
584.5 -1.4579
585.5 -1.45676
586.5 -1.45817
587.5 -1.45734
588.5 -1.45646
589.5 -1.45764
590.5 -1.45696
591.5 -1.45581
592.5 -1.45627
593.5 -1.45749
594.5 -1.45635
595.5 -1.45566
596.5 -1.45612
597.5 -1.45612
598.5 -1.45635
599.5 -1.45658
600.5 -1.45681
601.5 -1.45664
602.5 -1.45757
603.5 -1.45782
604.5 -1.45737
605.5 -1.45831
606.5 -1.45764
607.5 -1.45742
608.5 -1.45721
609.5 -1.45631
610.5 -1.45564
611.5 -1.45543
612.5 -1.45613
613.5 -1.45683
614.5 -1.45685
615.5 -1.45641
616.5 -1.45574
617.5 -1.45575
618.5 -1.45714
619.5 -1.45762
620.5 -1.45809
621.5 -1.45879
622.5 -1.4595
623.5 -1.45951
624.5 -1.45953
625.5 -1.45862
626.5 -1.45772
627.5 -1.45819
628.5 -1.45752
629.5 -1.45708
630.5 -1.45709
631.5 -1.45779
632.5 -1.45712
633.5 -1.45622
634.5 -1.45692
635.5 -1.45831
636.5 -1.45832
637.5 -1.45788
638.5 -1.45743
639.5 -1.45768
640.5 -1.45792
641.5 -1.45679
642.5 -1.4568
643.5 -1.4575
644.5 -1.45797
645.5 -1.45753
646.5 -1.45662
647.5 -1.45755
648.5 -1.45963
649.5 -1.45964
650.5 -1.45805
651.5 -1.45623
652.5 -1.4567
653.5 -1.45763
654.5 -1.45718
655.5 -1.45673
656.5 -1.45697
657.5 -1.45722
658.5 -1.45791
659.5 -1.45907
660.5 -1.45794
661.5 -1.45703
662.5 -1.45773
663.5 -1.45728
664.5 -1.45684
665.5 -1.45708
666.5 -1.4564
667.5 -1.45527
668.5 -1.45574
669.5 -1.45735
670.5 -1.45713
671.5 -1.45623
672.5 -1.45578
673.5 -1.45648
674.5 -1.45763
675.5 -1.45833
676.5 -1.45788
677.5 -1.45697
678.5 -1.45836
679.5 -1.46044
680.5 -1.45861
681.5 -1.45633
682.5 -1.45656
683.5 -1.45726
684.5 -1.45865
685.5 -1.4598
686.5 -1.45912
687.5 -1.45753
688.5 -1.45685
689.5 -1.45663
690.5 -1.45709
691.5 -1.45733
692.5 -1.45803
693.5 -1.45827
694.5 -1.45736
695.5 -1.45691
696.5 -1.456
697.5 -1.45646
698.5 -1.45762
699.5 -1.45785
700.5 -1.45603
701.5 -1.45535
702.5 -1.45765
703.5 -1.45834
704.5 -1.45858
705.5 -1.45859
706.5 -1.45699
707.5 -1.45723
708.5 -1.45723
709.5 -1.45632
710.5 -1.4577
711.5 -1.45978
712.5 -1.46048
713.5 -1.46002
714.5 -1.45934
715.5 -1.45797
716.5 -1.45706
717.5 -1.45683
718.5 -1.45753
719.5 -1.45822
720.5 -1.45731
721.5 -1.4564
722.5 -1.45778
723.5 -1.45893
724.5 -1.4571
725.5 -1.45688
726.5 -1.45826
727.5 -1.45895
728.5 -1.45965
729.5 -1.46011
730.5 -1.45943
731.5 -1.45851
732.5 -1.45806
733.5 -1.4576
734.5 -1.45807
735.5 -1.45853
736.5 -1.45808
737.5 -1.459
738.5 -1.45969
739.5 -1.45809
740.5 -1.45763
741.5 -1.45718
742.5 -1.45672
743.5 -1.45787
744.5 -1.45902
745.5 -1.45903
746.5 -1.4588
747.5 -1.45835
748.5 -1.45697
749.5 -1.45538
750.5 -1.45515
751.5 -1.45561
752.5 -1.4547
753.5 -1.45607
754.5 -1.45722
755.5 -1.45539
756.5 -1.45608
757.5 -1.45883
758.5 -1.45929
759.5 -1.4593
760.5 -1.45953
761.5 -1.45769
762.5 -1.45655
763.5 -1.45747
764.5 -1.4577
765.5 -1.4577
766.5 -1.45816
767.5 -1.45793
768.5 -1.45542
769.5 -1.45564
770.5 -1.45885
771.5 -1.45839
772.5 -1.45725
773.5 -1.45794
774.5 -1.45794
775.5 -1.45771
776.5 -1.4584
777.5 -1.45978
778.5 -1.4607
779.5 -1.45886
780.5 -1.45656
781.5 -1.45542
782.5 -1.45519
783.5 -1.45656
784.5 -1.45863
785.5 -1.45978
786.5 -1.4584
787.5 -1.45519
788.5 -1.45337
789.5 -1.45587
790.5 -1.45839
791.5 -1.45977
792.5 -1.45793
793.5 -1.45747
794.5 -1.45885
795.5 -1.45701
796.5 -1.45655
797.5 -1.45793
798.5 -1.45769
799.5 -1.45815
