200.5 54.4127
201.5 37.9899
202.5 85.5406
203.5 134.148
204.5 112.854
205.5 33.0156
206.5 22.3391
207.5 31.6357
208.5 63.8487
209.5 74.2381
210.5 34.7211
211.5 41.0706
212.5 39.8992
213.5 30.1661
214.5 37.9856
215.5 50.0125
216.5 56.737
217.5 63.6722
218.5 56.2843
219.5 74.3539
220.5 65.9195
221.5 76.8223
222.5 104.082
223.5 84.4946
224.5 87.1864
225.5 60.6327
226.5 50.4336
227.5 60.3911
228.5 75.5047
229.5 64.918
230.5 60.4746
231.5 61.0711
232.5 75.0485
233.5 97.1107
234.5 99.9443
235.5 108.224
236.5 75.129
237.5 55.8755
238.5 60.2739
239.5 70.8824
240.5 62.1922
241.5 70.2843
242.5 101.137
243.5 95.2654
244.5 71.9522
245.5 70.0945
246.5 87.0718
247.5 97.8097
248.5 121.64
249.5 145.071
250.5 91.6401
251.5 76.6811
252.5 76.9754
253.5 89.1413
254.5 105.414
255.5 118.103
256.5 121.456
257.5 101.924
258.5 88.5243
259.5 104.539
260.5 94.268
261.5 80.3965
262.5 69.8842
263.5 67.3544
264.5 75.1232
265.5 84.141
266.5 115.967
267.5 98.2974
268.5 94.8491
269.5 122.547
270.5 106.342
271.5 92.8253
272.5 77.245
273.5 79.2596
274.5 87.4896
275.5 79.6922
276.5 83.5457
277.5 84.2929
278.5 84.0259
279.5 105.454
280.5 149.523
281.5 147.857
282.5 111.52
283.5 87.7947
284.5 92.3525
285.5 132.992
286.5 136.961
287.5 127.385
288.5 122.232
289.5 128.113
290.5 170.145
291.5 187.478
292.5 138.495
293.5 103.765
294.5 95.0772
295.5 106.681
296.5 136.64
297.5 122.833
298.5 104.747
299.5 112.641
300.5 107.76
301.5 105.453
302.5 104.214
303.5 129.76
304.5 189.471
305.5 153.699
306.5 106.509
307.5 99.533
308.5 111.835
309.5 132.794
310.5 162.036
311.5 115.514
312.5 111.315
313.5 191.275
314.5 121.248
315.5 118.394
316.5 269.826
317.5 227.592
318.5 228.345
319.5 205.188
320.5 111.639
321.5 106.04
322.5 183.37
323.5 190.812
324.5 112.773
325.5 94.6879
326.5 100.328
327.5 115.208
328.5 107.843
329.5 108.856
330.5 134.214
331.5 144.373
332.5 114.414
333.5 95.4701
334.5 120.359
335.5 160.055
336.5 159.576
337.5 231.639
338.5 311.623
339.5 104.748
340.5 93.6305
341.5 118.368
342.5 116.154
343.5 130.462
344.5 221.212
345.5 168.429
346.5 112.43
347.5 172.86
348.5 190.712
349.5 94.46
350.5 84.2407
351.5 78.6104
352.5 93.7636
353.5 191.02
354.5 238.658
355.5 353.226
356.5 345.803
357.5 125.007
358.5 134.44
359.5 243.948
360.5 238.246
361.5 388.749
362.5 211.437
363.5 142.008
364.5 163.722
365.5 215.986
366.5 207.771
367.5 210.866
368.5 185.476
369.5 178.317
370.5 233.044
371.5 238.823
372.5 199.068
373.5 195.588
374.5 169.807
375.5 141.605
376.5 143.811
377.5 188.159
378.5 221.942
379.5 207.659
380.5 197.267
381.5 188.524
382.5 187.202
383.5 187.202
384.5 197.833
385.5 188.376
386.5 191.604
387.5 197.666
388.5 196.937
389.5 176.806
390.5 145.263
391.5 149.982
392.5 172.367
393.5 175.067
394.5 164.633
395.5 163.625
396.5 157.097
397.5 154.024
398.5 160.19
399.5 178.778
400.5 177.589
401.5 173.675
402.5 178.645
403.5 182.162
404.5 182.162
405.5 188.296
406.5 188.145
407.5 183.763
408.5 190.68
409.5 181.886
410.5 186.178
411.5 197.408
412.5 195.245
413.5 189.851
414.5 177.654
415.5 191.742
416.5 216.291
417.5 202.127
418.5 197.808
419.5 199.86
420.5 208.876
421.5 252.438
422.5 194.214
423.5 161.871
424.5 170.84
425.5 180.248
426.5 212.654
427.5 210.147
428.5 196.028
429.5 196.028
430.5 184.32
431.5 172.804
432.5 174.94
433.5 189.248
434.5 181.812
435.5 174.94
436.5 194.442
437.5 198.614
438.5 212.268
439.5 202.2
440.5 197.879
441.5 208.137
442.5 222.249
443.5 251.337
444.5 238.408
445.5 192.19
446.5 183.264
447.5 190.14
448.5 192.727
449.5 210.221
450.5 205.556
451.5 176.739
452.5 175.579
453.5 189.989
454.5 189.989
455.5 193.965
456.5 206.967
457.5 226.303
458.5 204.593
459.5 193.808
460.5 215.572
461.5 224.19
462.5 208.211
463.5 185.878
464.5 197.785
465.5 206.603
466.5 193.651
467.5 202.097
468.5 223.042
469.5 206.423
470.5 201.925
471.5 211.122
472.5 185.734
473.5 188.866
474.5 238.246
475.5 226.605
476.5 185.092
477.5 177.39
478.5 187.542
479.5 186.237
480.5 194.035
481.5 192.638
482.5 192.638
483.5 196.008
484.5 183.68
485.5 194.582
486.5 193.878
487.5 184.807
488.5 206.06
489.5 200.822
490.5 215.647
491.5 219.872
492.5 191.108
493.5 189.083
494.5 205.881
495.5 184.662
496.5 184.662
497.5 195.683
498.5 172.005
499.5 185.802
500.5 216.119
501.5 213.533
502.5 218.565
503.5 217.677
504.5 229.371
505.5 213.533
506.5 186.955
507.5 194.105
508.5 215.053
509.5 196.078
510.5 176.737
511.5 173.995
512.5 180.782
513.5 195.363
514.5 198.092
515.5 195.363
516.5 195.363
517.5 190.649
518.5 182.494
519.5 192.552
520.5 191.863
521.5 173.305
522.5 183.604
523.5 199.398
524.5 191.177
525.5 191.177
526.5 203.78
527.5 173.305
528.5 168.519
529.5 189.152
530.5 189.152
531.5 197.195
532.5 193.091
533.5 187.168
534.5 222.272
535.5 233.452
536.5 207.366
537.5 190.346
538.5 168.931
539.5 159.693
540.5 156.071
541.5 166.826
542.5 173.058
543.5 179.769
544.5 187.022
545.5 179.769
546.5 186.372
547.5 185.726
548.5 189.519
549.5 202.658
550.5 190.192
551.5 186.372
552.5 182.078
553.5 174.624
554.5 183.813
555.5 183.185
556.5 179.635
557.5 186.874
558.5 194.722
559.5 194.017
560.5 210.067
561.5 200.966
562.5 184.939
563.5 196.704
564.5 177.846
565.5 176.092
566.5 193.857
567.5 178.902
568.5 189.891
569.5 202.313
570.5 193.857
571.5 202.313
572.5 206.823
573.5 197.266
574.5 191.775
575.5 186.584
576.5 172.686
577.5 175.964
578.5 186.584
579.5 179.366
580.5 171.581
581.5 168.462
582.5 171.033
583.5 171.581
584.5 171.581
585.5 185.293
586.5 181.05
587.5 176.413
588.5 179.233
589.5 175.259
590.5 182.144
591.5 189.588
592.5 189.588
593.5 170.913
594.5 170.913
595.5 188.255
596.5 204.881
597.5 188.255
598.5 180.914
599.5 188.255
600.5 184.511
601.5 191.146
602.5 190.852
603.5 186.726
604.5 169.422
605.5 166.163
606.5 182.249
607.5 185.632
608.5 181.733
609.5 196.881
610.5 200.838
611.5 196.289
612.5 195.997
613.5 191.667
614.5 170.309
615.5 167.031
616.5 179.755
617.5 172.829
618.5 163.482
619.5 155.093
620.5 154.919
621.5 152.205
622.5 147.21
623.5 151.876
624.5 162.341
625.5 168.032
626.5 174.14
627.5 173.93
628.5 156.167
629.5 150.921
630.5 167.068
631.5 169.938
632.5 166.694
633.5 175.987
634.5 172.515
635.5 163.223
636.5 157.509
637.5 157.348
638.5 171.746
639.5 174.789
640.5 156.876
641.5 165.093
642.5 167.909
643.5 148.88
644.5 167.562
645.5 183.99
646.5 170.292
647.5 158.488
648.5 155.679
649.5 152.969
650.5 160.784
651.5 157.897
652.5 163.309
653.5 175.504
654.5 163.004
655.5 160.045
656.5 162.706
657.5 149.457
658.5 140.291
659.5 144.557
660.5 149.091
661.5 159.205
662.5 177.313
663.5 177.147
664.5 173.669
665.5 170.326
666.5 167.112
667.5 173.203
668.5 179.758
669.5 198.828
670.5 190.482
671.5 179.276
672.5 190.126
673.5 198.055
674.5 172.173
675.5 149.802
676.5 152.154
677.5 149.592
678.5 144.818
679.5 149.386
680.5 149.285
681.5 149.186
682.5 146.728
683.5 148.989
684.5 159.113
685.5 144.17
686.5 144.081
687.5 158.791
688.5 148.518
689.5 139.493
690.5 143.738
691.5 143.655
692.5 148.161
693.5 148.075
694.5 137.048
695.5 155.341
696.5 169.427
697.5 157.797
698.5 160.434
699.5 163.16
700.5 163.064
701.5 175.284
702.5 165.784
703.5 144.967
704.5 134.388
705.5 142.595
706.5 151.867
707.5 151.791
708.5 159.546
709.5 162.254
710.5 142.264
711.5 128.404
712.5 126.599
713.5 124.843
714.5 131.907
715.5 141.957
716.5 158.924
717.5 164.485
718.5 156.108
719.5 170.37
720.5 173.475
721.5 161.334
722.5 164.117
723.5 164.047
724.5 169.989
725.5 163.911
726.5 141.365
727.5 135.135
728.5 122.576
729.5 113.522
730.5 122.507
731.5 129.315
732.5 131.107
733.5 152.662
734.5 155.165
735.5 145.386
736.5 152.518
737.5 150.006
738.5 134.706
739.5 123.865
740.5 117.548
741.5 130.805
742.5 140.705
743.5 145.075
744.5 145.04
745.5 136.467
746.5 140.577
747.5 157.232
748.5 162.709
749.5 178.301
750.5 185.375
751.5 171.625
752.5 159.768
753.5 165.432
754.5 168.402
755.5 165.368
756.5 165.338
757.5 154.309
758.5 142.435
759.5 138.168
760.5 140.241
761.5 144.598
762.5 138.117
763.5 140.192
764.5 138.088
765.5 128.5
766.5 134.068
767.5 146.796
768.5 159.4
769.5 146.773
770.5 130.259
771.5 132.11
772.5 135.981
773.5 128.434
774.5 140.08
775.5 159.332
776.5 144.435
777.5 133.992
778.5 149.076
779.5 151.51
780.5 128.416
781.5 140.064
782.5 174.281
783.5 167.976
784.5 164.993
785.5 181.098
786.5 167.993
787.5 174.311
788.5 184.729
789.5 171.121
790.5 154.078
791.5 132.125
792.5 146.783
793.5 156.719
794.5 140.15
795.5 140.163
796.5 144.548
797.5 140.191
798.5 159.502
799.5 205.414
