200.5 2.46293
201.5 2.55697
202.5 2.69935
203.5 2.73064
204.5 2.61061
205.5 2.49422
206.5 2.4276
207.5 2.38636
208.5 2.3796
209.5 2.38985
210.5 2.36211
211.5 2.24748
212.5 2.13679
213.5 2.14755
214.5 2.17606
215.5 2.19624
216.5 2.19699
217.5 2.19939
218.5 2.22996
219.5 2.27192
220.5 2.2904
221.5 2.28068
222.5 2.32078
223.5 2.40366
224.5 2.44779
225.5 2.47624
226.5 2.55274
227.5 2.65236
228.5 2.73988
229.5 2.79973
230.5 2.84099
231.5 2.93061
232.5 3.03802
233.5 3.17211
234.5 3.28458
235.5 3.38457
236.5 3.51289
237.5 3.62585
238.5 3.71447
239.5 3.8162
240.5 3.88376
241.5 3.98408
242.5 4.13477
243.5 4.20872
244.5 4.27219
245.5 4.33752
246.5 4.42292
247.5 4.53898
248.5 4.66646
249.5 4.71464
250.5 4.70998
251.5 4.82523
252.5 4.88408
253.5 4.95909
254.5 5.08602
255.5 5.12187
256.5 5.14021
257.5 5.21424
258.5 5.35964
259.5 5.49788
260.5 5.57982
261.5 5.54536
262.5 5.53789
263.5 5.64899
264.5 5.77158
265.5 5.90752
266.5 6.03994
267.5 6.07206
268.5 6.08536
269.5 6.22026
270.5 6.39087
271.5 6.44064
272.5 6.4572
273.5 6.54258
274.5 6.77032
275.5 7.01375
276.5 7.06626
277.5 7.06062
278.5 7.28925
279.5 7.72316
280.5 8.07373
281.5 8.13309
282.5 8.33111
283.5 8.63627
284.5 8.81379
285.5 8.9125
286.5 9.08875
287.5 9.3559
288.5 9.70558
289.5 10.2225
290.5 10.7313
291.5 11.2456
292.5 11.5315
293.5 11.5604
294.5 11.6251
295.5 11.9943
296.5 12.519
297.5 13.0051
298.5 13.5006
299.5 14.1713
300.5 14.8621
301.5 15.5327
302.5 15.4229
303.5 15.7967
304.5 17.0761
305.5 18.1629
306.5 19.0913
307.5 19.7785
308.5 19.8307
309.5 20.4286
310.5 22.2087
311.5 22.6727
312.5 23.2064
313.5 24.0549
314.5 23.618
315.5 24.6781
316.5 27.4655
317.5 31.4895
318.5 33.7554
319.5 31.7836
320.5 30.6414
321.5 31.9114
322.5 33.2736
323.5 35.5023
324.5 34.9035
325.5 30.363
326.5 31.3692
327.5 37.1744
328.5 40.7857
329.5 43.2831
330.5 45.6766
331.5 51.3078
332.5 48.3904
333.5 48.9236
334.5 55.4483
335.5 48.1425
336.5 52.2416
337.5 56.4488
338.5 69.92
339.5 70.2408
340.5 55.207
341.5 58.2074
342.5 65.523
343.5 75.0279
344.5 85.5328
345.5 79.5486
346.5 71.9093
347.5 79.8406
348.5 81.982
349.5 79.0019
350.5 68.4952
351.5 67.5847
352.5 83.5229
353.5 100.978
354.5 99.5075
355.5 76.7086
356.5 75.1076
357.5 92.3704
358.5 102.889
359.5 110.062
360.5 136.282
361.5 144.93
362.5 108.984
363.5 109.836
364.5 127.508
365.5 128.673
366.5 136.907
367.5 134.225
368.5 120.219
369.5 126.838
370.5 147.474
371.5 152.249
372.5 131.186
373.5 119.568
374.5 120.866
375.5 126.113
376.5 139.464
377.5 146.403
378.5 157.603
379.5 141.07
380.5 121.797
381.5 123.144
382.5 127.67
383.5 141.364
384.5 145.038
385.5 151.348
386.5 139.517
387.5 132.47
388.5 154.219
389.5 153.333
390.5 136.661
391.5 122.181
392.5 123.822
393.5 138.356
394.5 164.633
395.5 163.625
396.5 140.382
397.5 140.014
398.5 125.383
399.5 117.402
400.5 123.131
401.5 121.234
402.5 120.415
403.5 132.521
404.5 138.485
405.5 133.777
406.5 144.143
407.5 164.186
408.5 160.837
409.5 144.839
410.5 154.976
411.5 175.002
412.5 164.076
413.5 136.564
414.5 137.899
415.5 146.254
416.5 162.966
417.5 178.708
418.5 162.966
419.5 148.516
420.5 153.449
421.5 172.494
422.5 163.355
423.5 137.747
424.5 124.724
425.5 129.676
426.5 145.683
427.5 156.754
428.5 153.697
429.5 135.65
430.5 135.65
431.5 141.152
432.5 147.115
433.5 140.41
434.5 142.575
435.5 154.489
436.5 163.525
437.5 166.466
438.5 160.684
439.5 160.203
440.5 165.949
441.5 158.306
442.5 160.579
443.5 193.581
444.5 193.581
445.5 156.453
446.5 145.738
447.5 157.737
448.5 171.328
449.5 171.328
450.5 181.399
451.5 176.739
452.5 157.634
453.5 160.367
454.5 160.367
455.5 152.44
456.5 154.995
457.5 165.612
458.5 164.593
459.5 157.534
460.5 149.459
461.5 146.277
462.5 145.878
463.5 149.787
464.5 154.799
465.5 154.799
466.5 160.158
467.5 157.433
468.5 158.263
469.5 157.332
470.5 149.695
471.5 162.868
472.5 154.702
473.5 149.278
474.5 175.195
475.5 175.195
476.5 165.273
477.5 151.297
478.5 153.372
479.5 169.223
480.5 166.185
481.5 165.159
482.5 154.16
483.5 151.205
484.5 161.288
485.5 160.804
486.5 154.954
487.5 154.062
488.5 165.559
489.5 174.37
490.5 171.699
491.5 154.062
492.5 141.471
493.5 149.425
494.5 154.41
495.5 144.359
496.5 144.359
497.5 146.247
498.5 147.368
499.5 152.214
500.5 147.368
501.5 150.927
502.5 150.927
503.5 145.763
504.5 161.455
505.5 156.013
506.5 141.311
507.5 147.686
508.5 151.69
509.5 151.262
510.5 146.074
511.5 139.834
512.5 144.193
513.5 155.915
514.5 147.598
515.5 141.605
516.5 153.332
517.5 148.006
518.5 149.99
519.5 151.596
520.5 141.9
521.5 143.722
522.5 145.989
523.5 143.722
524.5 143.722
525.5 150.742
526.5 155.816
527.5 155.816
528.5 144.804
529.5 140.412
530.5 149.48
531.5 157.088
532.5 151.933
533.5 148.238
534.5 143.255
535.5 145.507
536.5 157.912
537.5 157.912
538.5 145.113
539.5 130.442
540.5 131.656
541.5 143.557
542.5 133.224
543.5 129.496
544.5 139.237
545.5 139.237
546.5 131.012
547.5 138.517
548.5 149.718
549.5 145.421
550.5 145.421
551.5 143.173
552.5 128.873
553.5 126.801
554.5 129.742
555.5 131.265
556.5 137.099
557.5 143.473
558.5 143.473
559.5 136.749
560.5 138.084
561.5 140.176
562.5 142.329
563.5 138.084
564.5 136.054
565.5 127.579
566.5 125.55
567.5 136.675
568.5 145.252
569.5 147.567
570.5 145.252
571.5 145.252
572.5 145.252
573.5 140.464
574.5 131.776
575.5 125.782
576.5 131.131
577.5 133.014
578.5 133.014
579.5 136.951
580.5 136.254
581.5 125.194
582.5 118.503
583.5 125.194
584.5 126.912
585.5 125.194
586.5 123.24
587.5 122.675
588.5 120.796
589.5 118.974
590.5 125.427
591.5 136.526
592.5 138.57
593.5 131.963
594.5 124.842
595.5 135.834
596.5 133.871
597.5 124.842
598.5 130.107
599.5 124.842
600.5 118.448
601.5 119.591
602.5 125.984
603.5 122.523
604.5 122.404
605.5 119.136
606.5 116.039
607.5 122.051
608.5 125.237
609.5 123.446
610.5 126.707
611.5 132
612.5 119.908
613.5 113.898
614.5 122.871
615.5 121.15
616.5 121.042
617.5 129.388
618.5 127.485
619.5 123.956
620.5 120.615
621.5 115.978
622.5 107.778
623.5 110.264
624.5 120.203
625.5 121.681
626.5 123.197
627.5 126.456
628.5 124.645
629.5 118.177
630.5 127.872
631.5 122.681
632.5 113.553
633.5 122.481
634.5 131.044
635.5 127.331
636.5 114.617
637.5 111.765
638.5 120.407
639.5 128.679
640.5 120.223
641.5 114.2
642.5 121.62
643.5 126.512
644.5 124.71
645.5 126.316
646.5 126.22
647.5 121.17
648.5 116.509
649.5 116.429
650.5 124.154
651.5 143.256
652.5 152.56
653.5 138.735
654.5 128.973
655.5 127.111
656.5 125.3
657.5 128.694
658.5 136.166
659.5 130.321
660.5 120.092
661.5 126.58
662.5 126.495
663.5 129.958
664.5 144.001
665.5 137.488
666.5 137.39
667.5 141.488
668.5 145.836
669.5 135.104
670.5 137.01
671.5 147.841
672.5 145.416
673.5 145.313
674.5 142.971
675.5 132.647
676.5 132.564
677.5 138.421
678.5 130.535
679.5 123.497
680.5 125.096
681.5 138.073
682.5 149.087
683.5 146.634
684.5 128.278
685.5 121.478
686.5 133.686
687.5 141.79
688.5 143.907
689.5 141.624
690.5 137.347
691.5 124.367
692.5 122.658
693.5 131.291
694.5 141.225
695.5 155.341
696.5 147.822
697.5 140.998
698.5 136.764
699.5 140.851
700.5 157.524
701.5 162.969
702.5 152.184
703.5 128.84
704.5 138.404
705.5 144.824
706.5 149.419
707.5 146.977
708.5 130.372
709.5 138.087
710.5 134.032
711.5 126.648
712.5 128.354
713.5 135.829
714.5 135.774
715.5 144.165
716.5 156.246
717.5 144.046
718.5 141.784
719.5 148.542
720.5 143.873
721.5 139.488
722.5 135.363
723.5 135.316
724.5 141.464
725.5 145.864
726.5 139.241
727.5 131.303
728.5 117.893
729.5 119.38
730.5 129.352
731.5 127.534
732.5 125.766
733.5 132.952
734.5 145.43
735.5 147.703
736.5 132.843
737.5 125.605
738.5 132.775
739.5 125.545
740.5 119.059
741.5 127.212
742.5 145.11
743.5 138.568
744.5 125.408
745.5 123.708
746.5 115.939
747.5 125.335
748.5 134.404
749.5 144.881
750.5 154.508
751.5 157.094
752.5 144.798
753.5 128.688
754.5 130.48
755.5 142.499
756.5 140.319
757.5 117.215
758.5 114.306
759.5 112.898
760.5 114.281
761.5 128.551
762.5 126.777
763.5 126.764
764.5 146.839
765.5 146.824
766.5 128.489
767.5 138.051
768.5 165.072
769.5 138.03
770.5 126.696
771.5 134.021
772.5 128.44
773.5 149.098
774.5 156.647
775.5 133.998
776.5 110.092
777.5 112.774
778.5 126.661
779.5 120.089
780.5 130.221
781.5 133.989
782.5 137.98
783.5 151.514
784.5 146.722
785.5 144.439
786.5 132.092
787.5 137.999
788.5 171.109
789.5 165.032
790.5 149.123
791.5 128.461
792.5 125.001
793.5 136.025
794.5 136.036
795.5 140.163
796.5 118.631
797.5 99.4966
798.5 112.864
799.5 128.55
