200.5 1.28025
201.5 1.28025
202.5 1.28025
203.5 1.28025
204.5 1.28025
205.5 1.28025
206.5 1.28025
207.5 1.28025
208.5 1.28025
209.5 1.28025
210.5 1.28025
211.5 1.28025
212.5 1.28025
213.5 1.28025
214.5 1.28025
215.5 1.28025
216.5 1.28025
217.5 1.28025
218.5 1.28025
219.5 1.28025
220.5 1.28025
221.5 1.28025
222.5 1.28025
223.5 1.28025
224.5 1.28025
225.5 1.28025
226.5 1.28025
227.5 1.28025
228.5 1.28025
229.5 1.28025
230.5 1.28025
231.5 1.28025
232.5 1.28025
233.5 1.28025
234.5 1.28025
235.5 1.28025
236.5 1.28025
237.5 1.28025
238.5 1.28025
239.5 1.28025
240.5 1.28025
241.5 1.28025
242.5 1.28025
243.5 1.28025
244.5 1.28025
245.5 1.28025
246.5 1.28025
247.5 1.28025
248.5 1.28025
249.5 1.28025
250.5 1.28025
251.5 1.28025
252.5 1.28025
253.5 1.28025
254.5 1.28025
255.5 1.28025
256.5 1.28025
257.5 1.27883
258.5 1.27631
259.5 1.27108
260.5 1.27879
261.5 1.27873
262.5 1.2845
263.5 1.28192
264.5 1.28315
265.5 1.29016
266.5 1.29602
267.5 1.29766
268.5 1.30111
269.5 1.30301
270.5 1.30695
271.5 1.31139
272.5 1.31329
273.5 1.31721
274.5 1.31863
275.5 1.31967
276.5 1.32202
277.5 1.32357
278.5 1.32651
279.5 1.32953
280.5 1.33228
281.5 1.33533
282.5 1.33966
283.5 1.33709
284.5 1.33062
285.5 1.32724
286.5 1.32724
287.5 1.32815
288.5 1.33619
289.5 1.34291
290.5 1.34079
291.5 1.33908
292.5 1.33829
293.5 1.33782
294.5 1.3394
295.5 1.33985
296.5 1.3419
297.5 1.34398
298.5 1.34507
299.5 1.34739
300.5 1.34956
301.5 1.35175
302.5 1.35142
303.5 1.35069
304.5 1.35156
305.5 1.35135
306.5 1.35343
307.5 1.35385
308.5 1.35391
309.5 1.35766
310.5 1.35857
311.5 1.35848
312.5 1.36115
313.5 1.3648
314.5 1.37036
315.5 1.38023
316.5 1.39364
317.5 1.40406
318.5 1.41421
319.5 1.42158
320.5 1.42554
321.5 1.42889
322.5 1.43617
323.5 1.44507
324.5 1.45366
325.5 1.46712
326.5 1.47671
327.5 1.48072
328.5 1.48596
329.5 1.49311
330.5 1.50296
331.5 1.52282
332.5 1.53756
333.5 1.54262
334.5 1.54631
335.5 1.55124
336.5 1.55392
337.5 1.5556
338.5 1.55869
339.5 1.56059
340.5 1.56192
341.5 1.56427
342.5 1.5664
343.5 1.56742
344.5 1.56707
345.5 1.56893
346.5 1.57156
347.5 1.57379
348.5 1.57486
349.5 1.57727
350.5 1.58218
351.5 1.58423
352.5 1.586
353.5 1.58739
354.5 1.5898
355.5 1.59223
356.5 1.5978
357.5 1.60023
358.5 1.60161
359.5 1.60672
360.5 1.60896
361.5 1.6094
362.5 1.6114
363.5 1.61653
364.5 1.62153
365.5 1.6309
366.5 1.64675
367.5 1.65546
368.5 1.66343
369.5 1.67021
370.5 1.67758
371.5 1.68564
372.5 1.69399
373.5 1.70053
374.5 1.70978
375.5 1.72003
376.5 1.72821
377.5 1.73412
378.5 1.74123
379.5 1.74961
380.5 1.75695
381.5 1.77012
382.5 1.78002
383.5 1.78508
384.5 1.78936
385.5 1.79198
386.5 1.79485
387.5 1.80054
388.5 1.81017
389.5 1.81661
390.5 1.828
391.5 1.84896
392.5 1.86372
393.5 1.87602
394.5 1.88836
395.5 1.90335
396.5 1.9176
397.5 1.92962
398.5 1.9421
399.5 1.95346
400.5 1.966
401.5 1.97701
402.5 1.98958
403.5 2.00216
404.5 2.01369
405.5 2.02593
406.5 2.04556
407.5 2.06452
408.5 2.07338
409.5 2.08106
410.5 2.09135
411.5 2.09582
412.5 2.09918
413.5 2.09808
414.5 2.10121
415.5 2.1081
416.5 2.12213
417.5 2.12654
418.5 2.13033
419.5 2.13473
420.5 2.13851
421.5 2.1429
422.5 2.14668
423.5 2.15106
424.5 2.15483
425.5 2.1592
426.5 2.16296
427.5 2.16766
428.5 2.17201
429.5 2.17576
430.5 2.1801
431.5 2.18742
432.5 2.19651
433.5 2.20156
434.5 2.20491
435.5 2.20489
436.5 2.20876
437.5 2.21846
438.5 2.22804
439.5 2.23709
440.5 2.25275
441.5 2.279
442.5 2.29778
443.5 2.31233
444.5 2.32684
445.5 2.34131
446.5 2.35573
447.5 2.37011
448.5 2.38444
449.5 2.39791
450.5 2.41305
451.5 2.42726
452.5 2.44142
453.5 2.45554
454.5 2.46988
455.5 2.48364
456.5 2.49763
457.5 2.53151
458.5 2.54745
459.5 2.55713
460.5 2.56562
461.5 2.57375
462.5 2.58213
463.5 2.58442
464.5 2.58727
465.5 2.59102
466.5 2.59906
467.5 2.6054
468.5 2.60983
469.5 2.61541
470.5 2.62138
471.5 2.62753
472.5 2.6326
473.5 2.6379
474.5 2.64358
475.5 2.64801
476.5 2.65367
477.5 2.65904
478.5 2.66674
479.5 2.67286
480.5 2.67811
481.5 2.6839
482.5 2.69187
483.5 2.69401
484.5 2.69727
485.5 2.69885
486.5 2.70532
487.5 2.71107
488.5 2.71743
489.5 2.71953
490.5 2.72658
491.5 2.73193
492.5 2.73529
493.5 2.74027
494.5 2.74569
495.5 2.75032
496.5 2.75497
497.5 2.75983
498.5 2.76591
499.5 2.77208
500.5 2.77678
501.5 2.78186
502.5 2.7868
503.5 2.79168
504.5 2.79642
505.5 2.80118
506.5 2.81006
507.5 2.8196
508.5 2.82401
509.5 2.82712
510.5 2.83153
511.5 2.83081
512.5 2.83421
513.5 2.836
514.5 2.841
515.5 2.84436
516.5 2.8546
517.5 2.86441
518.5 2.86979
519.5 2.8764
520.5 2.88259
521.5 2.88812
522.5 2.89347
523.5 2.89826
524.5 2.90377
525.5 2.9097
526.5 2.91431
527.5 2.91939
528.5 2.9253
529.5 2.93033
530.5 2.93555
531.5 2.94504
532.5 2.95492
533.5 2.95953
534.5 2.96384
535.5 2.96754
536.5 2.96658
537.5 2.96751
538.5 2.9655
539.5 2.96267
540.5 2.95901
541.5 2.95324
542.5 2.94876
543.5 2.94564
544.5 2.94296
545.5 2.93968
546.5 2.93666
547.5 2.93368
548.5 2.93092
549.5 2.92798
550.5 2.9251
551.5 2.92225
552.5 2.91923
553.5 2.91692
554.5 2.91409
555.5 2.91119
556.5 2.90853
557.5 2.9034
558.5 2.9003
559.5 2.89879
560.5 2.89593
561.5 2.89593
562.5 2.89387
563.5 2.8932
564.5 2.89279
565.5 2.89122
566.5 2.88758
567.5 2.88436
568.5 2.88256
569.5 2.88081
570.5 2.87912
571.5 2.8773
572.5 2.87504
573.5 2.87395
574.5 2.87169
575.5 2.86993
576.5 2.86837
577.5 2.86677
578.5 2.86502
579.5 2.86284
580.5 2.86172
581.5 2.85856
582.5 2.85486
583.5 2.85201
584.5 2.85169
585.5 2.85081
586.5 2.85083
587.5 2.84813
588.5 2.84731
589.5 2.84718
590.5 2.8438
591.5 2.83958
592.5 2.8306
593.5 2.82771
594.5 2.82431
595.5 2.82098
596.5 2.81818
597.5 2.81424
598.5 2.81136
599.5 2.80804
600.5 2.80478
601.5 2.80137
602.5 2.7972
603.5 2.79242
604.5 2.7897
605.5 2.7863
606.5 2.7829
607.5 2.77417
608.5 2.76941
609.5 2.76654
610.5 2.76702
611.5 2.76596
612.5 2.7646
613.5 2.76435
614.5 2.76371
615.5 2.75948
616.5 2.75626
617.5 2.74637
618.5 2.74244
619.5 2.73777
620.5 2.73544
621.5 2.73076
622.5 2.72678
623.5 2.72209
624.5 2.71904
625.5 2.71497
626.5 2.71198
627.5 2.70727
628.5 2.70491
629.5 2.70018
630.5 2.69782
631.5 2.69071
632.5 2.6837
633.5 2.67884
634.5 2.67577
635.5 2.67516
636.5 2.6754
637.5 2.67436
638.5 2.67346
639.5 2.67357
640.5 2.67338
641.5 2.67293
642.5 2.67243
643.5 2.67198
644.5 2.67169
645.5 2.67161
646.5 2.67133
647.5 2.67105
648.5 2.67076
649.5 2.67049
650.5 2.67028
651.5 2.67021
652.5 2.66993
653.5 2.66966
654.5 2.66939
655.5 2.66912
656.5 2.66892
657.5 2.66835
658.5 2.66786
659.5 2.66747
660.5 2.66734
661.5 2.66744
662.5 2.66802
663.5 2.66626
664.5 2.66695
665.5 2.66541
666.5 2.66173
667.5 2.65861
668.5 2.65722
669.5 2.65535
670.5 2.65426
671.5 2.65232
672.5 2.65093
673.5 2.64972
674.5 2.64772
675.5 2.64649
676.5 2.64462
677.5 2.64334
678.5 2.64212
679.5 2.64006
680.5 2.63896
681.5 2.63708
682.5 2.63372
683.5 2.63099
684.5 2.62897
685.5 2.62977
686.5 2.62926
687.5 2.62842
688.5 2.62861
689.5 2.62788
690.5 2.62941
691.5 2.63154
692.5 2.63567
693.5 2.63682
694.5 2.63787
695.5 2.63968
696.5 2.64062
697.5 2.64227
698.5 2.64342
699.5 2.64447
700.5 2.64612
701.5 2.6471
702.5 2.64887
703.5 2.64987
704.5 2.65096
705.5 2.65291
706.5 2.65504
707.5 2.65823
708.5 2.66155
709.5 2.66177
710.5 2.66124
711.5 2.66166
712.5 2.66284
713.5 2.66145
714.5 2.66161
715.5 2.66156
716.5 2.65949
717.5 2.65638
718.5 2.65545
719.5 2.65467
720.5 2.65373
721.5 2.65229
722.5 2.65151
723.5 2.65059
724.5 2.64916
725.5 2.64894
726.5 2.64749
727.5 2.64601
728.5 2.64522
729.5 2.64435
730.5 2.64294
731.5 2.64271
732.5 2.64036
733.5 2.63763
734.5 2.6368
735.5 2.63746
736.5 2.63695
737.5 2.63571
738.5 2.63705
739.5 2.63686
740.5 2.63665
741.5 2.63732
742.5 2.64055
743.5 2.64181
744.5 2.64237
745.5 2.64314
746.5 2.6444
747.5 2.64527
748.5 2.64642
749.5 2.64702
750.5 2.64767
751.5 2.64834
752.5 2.6496
753.5 2.65026
754.5 2.65092
755.5 2.65218
756.5 2.65229
757.5 2.65417
758.5 2.6567
759.5 2.6573
760.5 2.65683
761.5 2.65707
762.5 2.6608
763.5 2.66193
764.5 2.66666
765.5 2.67298
766.5 2.68135
767.5 2.70226
768.5 2.71914
769.5 2.72912
770.5 2.73928
771.5 2.74958
772.5 2.75996
773.5 2.77032
774.5 2.78094
775.5 2.79194
776.5 2.80261
777.5 2.81355
778.5 2.82459
779.5 2.83577
780.5 2.84704
781.5 2.85833
782.5 2.87762
783.5 2.89479
784.5 2.90459
785.5 2.91284
786.5 2.9207
787.5 2.92454
788.5 2.92752
789.5 2.92846
790.5 2.92885
791.5 2.93011
792.5 2.93134
793.5 2.93173
794.5 2.93187
795.5 2.93225
796.5 2.93278
797.5 2.93292
798.5 2.93331
799.5 2.93346
800.5 2.93385
801.5 2.93438
802.5 2.93452
803.5 2.93491
804.5 2.93505
805.5 2.93545
806.5 2.93598
807.5 2.93627
808.5 2.93693
809.5 2.93766
810.5 2.93803
811.5 2.93776
812.5 2.93714
813.5 2.93628
814.5 2.93647
815.5 2.93304
816.5 2.92884
817.5 2.92106
818.5 2.9141
819.5 2.90994
820.5 2.90648
821.5 2.90219
822.5 2.89884
823.5 2.89467
824.5 2.89146
825.5 2.88728
826.5 2.88406
827.5 2.87986
828.5 2.87636
829.5 2.87203
830.5 2.86746
831.5 2.86303
832.5 2.85521
833.5 2.84766
834.5 2.84381
835.5 2.84168
836.5 2.84202
837.5 2.84015
838.5 2.84098
839.5 2.84083
840.5 2.84003
841.5 2.84078
842.5 2.84268
843.5 2.84375
844.5 2.84536
845.5 2.84532
846.5 2.84644
847.5 2.84757
848.5 2.84753
849.5 2.84866
850.5 2.84956
851.5 2.85046
852.5 2.8516
853.5 2.85157
854.5 2.85272
855.5 2.85387
856.5 2.85447
857.5 2.85605
858.5 2.85783
859.5 2.85979
860.5 2.85969
861.5 2.85893
862.5 2.85972
863.5 2.85966
864.5 2.85952
865.5 2.86079
866.5 2.86398
867.5 2.86761
868.5 2.87337
869.5 2.87631
870.5 2.87846
871.5 2.88216
872.5 2.88537
873.5 2.88764
874.5 2.88965
875.5 2.89294
876.5 2.89507
877.5 2.89734
878.5 2.89984
879.5 2.90197
880.5 2.90524
881.5 2.90702
882.5 2.90951
883.5 2.91682
884.5 2.91935
885.5 2.9218
886.5 2.92142
887.5 2.92221
888.5 2.92085
889.5 2.92029
890.5 2.91711
891.5 2.91345
892.5 2.90499
893.5 2.89133
894.5 2.88629
895.5 2.88062
896.5 2.87499
897.5 2.8704
898.5 2.86464
899.5 2.85949
900.5 2.85441
901.5 2.84865
902.5 2.84296
903.5 2.83841
904.5 2.83271
905.5 2.82758
906.5 2.82246
907.5 2.81681
908.5 2.80299
909.5 2.79702
910.5 2.79246
911.5 2.79064
912.5 2.7891
913.5 2.78667
914.5 2.78528
915.5 2.78436
916.5 2.78365
917.5 2.78079
918.5 2.77831
919.5 2.77691
920.5 2.77554
921.5 2.7742
922.5 2.77289
923.5 2.7716
924.5 2.77035
925.5 2.76912
926.5 2.76792
927.5 2.76666
928.5 2.76532
929.5 2.76422
930.5 2.76314
931.5 2.76199
932.5 2.76083
933.5 2.75837
934.5 2.75707
935.5 2.75656
936.5 2.75593
937.5 2.75454
938.5 2.75438
939.5 2.75375
940.5 2.75032
941.5 2.74667
942.5 2.74066
943.5 2.72995
944.5 2.72577
945.5 2.72167
946.5 2.71693
947.5 2.71189
948.5 2.70705
949.5 2.70299
950.5 2.69899
951.5 2.69498
952.5 2.69087
953.5 2.687
954.5 2.68189
955.5 2.67701
956.5 2.67236
957.5 2.66494
958.5 2.6546
959.5 2.65113
960.5 2.64867
961.5 2.64718
962.5 2.64709
963.5 2.64529
964.5 2.6445
965.5 2.64426
966.5 2.64426
967.5 2.64426
968.5 2.64426
969.5 2.64426
970.5 2.64426
971.5 2.64426
972.5 2.64426
973.5 2.64426
974.5 2.64426
975.5 2.64426
976.5 2.64426
977.5 2.64426
978.5 2.64426
979.5 2.64426
980.5 2.64426
981.5 2.64426
982.5 2.64426
983.5 2.64426
984.5 2.64426
985.5 2.64426
986.5 2.64426
987.5 2.64426
988.5 2.64426
989.5 2.64426
990.5 2.64426
991.5 2.64426
992.5 2.64426
993.5 2.64426
994.5 2.64426
995.5 2.64426
996.5 2.64426
997.5 2.64426
998.5 2.64426
999.5 2.64426
