200.5 0.58498
201.5 0.58498
202.5 0.58498
203.5 0.58498
204.5 0.58498
205.5 0.58498
206.5 0.58498
207.5 0.58498
208.5 0.58498
209.5 0.58498
210.5 0.58498
211.5 0.58498
212.5 0.58498
213.5 0.58498
214.5 0.58498
215.5 0.58498
216.5 0.58498
217.5 0.58498
218.5 0.58498
219.5 0.58498
220.5 0.58498
221.5 0.58498
222.5 0.58498
223.5 0.58498
224.5 0.58498
225.5 0.58498
226.5 0.58498
227.5 0.58498
228.5 0.58498
229.5 0.58498
230.5 0.58498
231.5 0.58498
232.5 0.58498
233.5 0.58498
234.5 0.58498
235.5 0.58498
236.5 0.58498
237.5 0.58498
238.5 0.58498
239.5 0.58498
240.5 0.58498
241.5 0.58498
242.5 0.58498
243.5 0.58498
244.5 0.58498
245.5 0.58498
246.5 0.58498
247.5 0.58498
248.5 0.58498
249.5 0.58498
250.5 0.58498
251.5 0.58498
252.5 0.58498
253.5 0.58498
254.5 0.58498
255.5 0.58498
256.5 0.58498
257.5 0.582496
258.5 0.579431
259.5 0.585921
260.5 0.58931
261.5 0.5923
262.5 0.585904
263.5 0.584216
264.5 0.588712
265.5 0.593052
266.5 0.600373
267.5 0.600951
268.5 0.603012
269.5 0.607108
270.5 0.610237
271.5 0.614434
272.5 0.618482
273.5 0.621565
274.5 0.621734
275.5 0.621555
276.5 0.624189
277.5 0.624623
278.5 0.62568
279.5 0.629712
280.5 0.632707
281.5 0.63126
282.5 0.632922
283.5 0.635279
284.5 0.637229
285.5 0.640622
286.5 0.640622
287.5 0.638451
288.5 0.636067
289.5 0.64218
290.5 0.65045
291.5 0.663055
292.5 0.669918
293.5 0.676433
294.5 0.683869
295.5 0.692042
296.5 0.700648
297.5 0.709212
298.5 0.71828
299.5 0.726671
300.5 0.737514
301.5 0.743511
302.5 0.74962
303.5 0.754975
304.5 0.760408
305.5 0.766596
306.5 0.78279
307.5 0.793889
308.5 0.79999
309.5 0.804383
310.5 0.806462
311.5 0.809703
312.5 0.812363
313.5 0.818281
314.5 0.825684
315.5 0.834254
316.5 0.850425
317.5 0.865345
318.5 0.880055
319.5 0.888205
320.5 0.892545
321.5 0.896237
322.5 0.904225
323.5 0.916364
324.5 0.928275
325.5 0.947649
326.5 0.960596
327.5 0.963391
328.5 0.96991
329.5 0.979025
330.5 0.99071
331.5 1.01741
332.5 1.03309
333.5 1.04128
334.5 1.04863
335.5 1.0547
336.5 1.06074
337.5 1.06291
338.5 1.06704
339.5 1.07613
340.5 1.08767
341.5 1.10676
342.5 1.1156
343.5 1.12415
344.5 1.12942
345.5 1.13771
346.5 1.14701
347.5 1.15568
348.5 1.16402
349.5 1.17281
350.5 1.1849
351.5 1.19309
352.5 1.20084
353.5 1.21021
354.5 1.22066
355.5 1.23325
356.5 1.25195
357.5 1.26241
358.5 1.26842
359.5 1.27319
360.5 1.27806
361.5 1.27919
362.5 1.27961
363.5 1.28791
364.5 1.29468
365.5 1.30142
366.5 1.31631
367.5 1.32475
368.5 1.33227
369.5 1.3383
370.5 1.34508
371.5 1.35403
372.5 1.36182
373.5 1.36887
374.5 1.37711
375.5 1.38729
376.5 1.39489
377.5 1.40115
378.5 1.40763
379.5 1.41571
380.5 1.42374
381.5 1.43525
382.5 1.44297
383.5 1.44816
384.5 1.45498
385.5 1.45531
386.5 1.45325
387.5 1.44865
388.5 1.44142
389.5 1.43583
390.5 1.42334
391.5 1.40534
392.5 1.39166
393.5 1.38253
394.5 1.3735
395.5 1.36268
396.5 1.35008
397.5 1.34077
398.5 1.33215
399.5 1.32441
400.5 1.31354
401.5 1.30535
402.5 1.29711
403.5 1.28895
404.5 1.27921
405.5 1.27063
406.5 1.25759
407.5 1.24291
408.5 1.23448
409.5 1.22945
410.5 1.2242
411.5 1.22338
412.5 1.22012
413.5 1.21984
414.5 1.21968
415.5 1.22001
416.5 1.21996
417.5 1.21966
418.5 1.2183
419.5 1.21802
420.5 1.21667
421.5 1.2164
422.5 1.21507
423.5 1.2148
424.5 1.21348
425.5 1.21323
426.5 1.21192
427.5 1.21228
428.5 1.21204
429.5 1.21075
430.5 1.21052
431.5 1.20813
432.5 1.20816
433.5 1.20832
434.5 1.20693
435.5 1.20599
436.5 1.20437
437.5 1.20014
438.5 1.19466
439.5 1.19196
440.5 1.18799
441.5 1.17915
442.5 1.17317
443.5 1.16859
444.5 1.16409
445.5 1.15966
446.5 1.15532
447.5 1.15104
448.5 1.14684
449.5 1.14098
450.5 1.13595
451.5 1.13197
452.5 1.12805
453.5 1.12421
454.5 1.121
455.5 1.1167
456.5 1.11304
457.5 1.09968
458.5 1.09705
459.5 1.09611
460.5 1.09501
461.5 1.09406
462.5 1.09236
463.5 1.09331
464.5 1.09446
465.5 1.09486
466.5 1.09338
467.5 1.09489
468.5 1.09358
469.5 1.09333
470.5 1.09331
471.5 1.09446
472.5 1.09481
473.5 1.09572
474.5 1.0964
475.5 1.09644
476.5 1.09654
477.5 1.09652
478.5 1.0966
479.5 1.09758
480.5 1.09856
481.5 1.09925
482.5 1.09961
483.5 1.10062
484.5 1.09821
485.5 1.09325
486.5 1.08736
487.5 1.08346
488.5 1.08287
489.5 1.0806
490.5 1.07476
491.5 1.06404
492.5 1.05434
493.5 1.0488
494.5 1.04263
495.5 1.03616
496.5 1.02971
497.5 1.02382
498.5 1.01698
499.5 1.00932
500.5 1.00294
501.5 0.997612
502.5 0.991875
503.5 0.985974
504.5 0.979664
505.5 0.973372
506.5 0.961716
507.5 0.952065
508.5 0.947329
509.5 0.942413
510.5 0.941181
511.5 0.940352
512.5 0.939684
513.5 0.938556
514.5 0.936903
515.5 0.935266
516.5 0.931304
517.5 0.926454
518.5 0.924116
519.5 0.921583
520.5 0.917764
521.5 0.916006
522.5 0.913713
523.5 0.910565
524.5 0.908835
525.5 0.906389
526.5 0.903322
527.5 0.901753
528.5 0.899339
529.5 0.896172
530.5 0.89458
531.5 0.89111
532.5 0.885937
533.5 0.882949
534.5 0.881665
535.5 0.880897
536.5 0.878191
537.5 0.873031
538.5 0.866367
539.5 0.858515
540.5 0.846841
541.5 0.825401
542.5 0.809211
543.5 0.797794
544.5 0.787835
545.5 0.775481
546.5 0.763968
547.5 0.752422
548.5 0.741592
549.5 0.72986
550.5 0.718221
551.5 0.706549
552.5 0.693953
553.5 0.684178
554.5 0.671982
555.5 0.659287
556.5 0.647461
557.5 0.626826
558.5 0.6147
559.5 0.607546
560.5 0.595339
561.5 0.589488
562.5 0.587307
563.5 0.582703
564.5 0.578238
565.5 0.572981
566.5 0.563213
567.5 0.552388
568.5 0.546126
569.5 0.539564
570.5 0.533264
571.5 0.526701
572.5 0.520489
573.5 0.51441
574.5 0.508041
575.5 0.501573
576.5 0.495556
577.5 0.48919
578.5 0.482556
579.5 0.476271
580.5 0.469517
581.5 0.459635
582.5 0.444568
583.5 0.436878
584.5 0.433291
585.5 0.427605
586.5 0.423183
587.5 0.422346
588.5 0.421078
589.5 0.419222
590.5 0.416118
591.5 0.411599
592.5 0.404315
593.5 0.400141
594.5 0.396032
595.5 0.392446
596.5 0.38884
597.5 0.385928
598.5 0.381711
599.5 0.378155
600.5 0.375059
601.5 0.371499
602.5 0.366257
603.5 0.361079
604.5 0.357945
605.5 0.353728
606.5 0.3495
607.5 0.33933
608.5 0.33389
609.5 0.330385
610.5 0.327068
611.5 0.327611
612.5 0.327375
613.5 0.3258
614.5 0.325086
615.5 0.327178
616.5 0.329906
617.5 0.3329
618.5 0.331013
619.5 0.331577
620.5 0.33186
621.5 0.332428
622.5 0.332913
623.5 0.334121
624.5 0.333861
625.5 0.334362
626.5 0.33473
627.5 0.335313
628.5 0.335605
629.5 0.336193
630.5 0.336487
631.5 0.337376
632.5 0.337613
633.5 0.335814
634.5 0.335625
635.5 0.335958
636.5 0.336429
637.5 0.335423
638.5 0.334783
639.5 0.335659
640.5 0.334135
641.5 0.330555
642.5 0.32649
643.5 0.322754
644.5 0.320362
645.5 0.319724
646.5 0.317331
647.5 0.314937
648.5 0.312542
649.5 0.310147
650.5 0.30839
651.5 0.30775
652.5 0.305354
653.5 0.302956
654.5 0.300558
655.5 0.298159
656.5 0.296399
657.5 0.291161
658.5 0.286701
659.5 0.283004
660.5 0.281738
661.5 0.282715
662.5 0.281134
663.5 0.281455
664.5 0.280815
665.5 0.28041
666.5 0.280147
667.5 0.279826
668.5 0.278183
669.5 0.278378
670.5 0.278494
671.5 0.278045
672.5 0.276397
673.5 0.276524
674.5 0.275508
675.5 0.274411
676.5 0.274605
677.5 0.274084
678.5 0.27421
679.5 0.272623
680.5 0.272737
681.5 0.272931
682.5 0.271396
683.5 0.267985
684.5 0.265925
685.5 0.266292
686.5 0.267537
687.5 0.267389
688.5 0.265177
689.5 0.26525
690.5 0.264512
691.5 0.261186
692.5 0.258972
693.5 0.258203
694.5 0.256298
695.5 0.255467
696.5 0.253576
697.5 0.250964
698.5 0.2502
699.5 0.248303
700.5 0.245697
701.5 0.244299
702.5 0.242994
703.5 0.240456
704.5 0.239052
705.5 0.237528
706.5 0.236242
707.5 0.231089
708.5 0.22715
709.5 0.224699
710.5 0.224566
711.5 0.224124
712.5 0.224481
713.5 0.224692
714.5 0.223948
715.5 0.220478
716.5 0.216992
717.5 0.209923
718.5 0.205113
719.5 0.20208
720.5 0.198491
721.5 0.195579
722.5 0.192539
723.5 0.188941
724.5 0.18602
725.5 0.182934
726.5 0.179535
727.5 0.175862
728.5 0.172243
729.5 0.169193
730.5 0.166253
731.5 0.162592
732.5 0.154938
733.5 0.149958
734.5 0.14548
735.5 0.143295
736.5 0.143955
737.5 0.143004
738.5 0.142614
739.5 0.142625
740.5 0.142636
741.5 0.144403
742.5 0.146681
743.5 0.147266
744.5 0.147235
745.5 0.148991
746.5 0.149574
747.5 0.15153
748.5 0.15191
749.5 0.152529
750.5 0.154287
751.5 0.154248
752.5 0.154827
753.5 0.156583
754.5 0.156544
755.5 0.157122
756.5 0.158908
757.5 0.158795
758.5 0.160511
759.5 0.161048
760.5 0.161077
761.5 0.160993
762.5 0.173568
763.5 0.187113
764.5 0.202962
765.5 0.219283
766.5 0.242837
767.5 0.282814
768.5 0.314771
769.5 0.338411
770.5 0.362167
771.5 0.385727
772.5 0.408789
773.5 0.430667
774.5 0.453351
775.5 0.477417
776.5 0.498735
777.5 0.520842
778.5 0.54276
779.5 0.564779
780.5 0.586608
781.5 0.607961
782.5 0.634204
783.5 0.661429
784.5 0.682065
785.5 0.697107
786.5 0.710573
787.5 0.722986
788.5 0.734218
789.5 0.736216
790.5 0.737753
791.5 0.740753
792.5 0.743235
793.5 0.744759
794.5 0.745313
795.5 0.746836
796.5 0.748912
797.5 0.749466
798.5 0.750988
799.5 0.751541
800.5 0.753062
801.5 0.755135
802.5 0.755687
803.5 0.757206
804.5 0.757759
805.5 0.759277
806.5 0.761347
807.5 0.762451
808.5 0.765002
809.5 0.767798
810.5 0.768027
811.5 0.767846
812.5 0.766907
813.5 0.766733
814.5 0.766962
815.5 0.765649
816.5 0.763795
817.5 0.760896
818.5 0.758165
819.5 0.757018
820.5 0.754579
821.5 0.752934
822.5 0.75097
823.5 0.749813
824.5 0.748403
825.5 0.747242
826.5 0.745827
827.5 0.744662
828.5 0.742191
829.5 0.740522
830.5 0.73831
831.5 0.736659
832.5 0.733171
833.5 0.729781
834.5 0.728109
835.5 0.726372
836.5 0.726516
837.5 0.727402
838.5 0.7251
839.5 0.724688
840.5 0.724348
841.5 0.720733
842.5 0.716833
843.5 0.712011
844.5 0.70933
845.5 0.707062
846.5 0.704504
847.5 0.701948
848.5 0.699681
849.5 0.697127
850.5 0.694025
851.5 0.690924
852.5 0.688374
853.5 0.686107
854.5 0.683559
855.5 0.681012
856.5 0.679202
857.5 0.675889
858.5 0.671597
859.5 0.667735
860.5 0.666625
861.5 0.665909
862.5 0.665154
863.5 0.664861
864.5 0.665883
865.5 0.666172
866.5 0.663958
867.5 0.660864
868.5 0.658335
869.5 0.656009
870.5 0.655521
871.5 0.654678
872.5 0.653951
873.5 0.651788
874.5 0.650737
875.5 0.649999
876.5 0.64952
877.5 0.647369
878.5 0.646215
879.5 0.645741
880.5 0.645013
881.5 0.642982
882.5 0.641838
883.5 0.639637
884.5 0.636868
885.5 0.6347
886.5 0.636716
887.5 0.635524
888.5 0.633673
889.5 0.631519
890.5 0.625616
891.5 0.622623
892.5 0.613237
893.5 0.601509
894.5 0.595961
895.5 0.590241
896.5 0.58477
897.5 0.578788
898.5 0.572668
899.5 0.566897
900.5 0.561091
901.5 0.554902
902.5 0.549028
903.5 0.543197
904.5 0.53728
905.5 0.53152
906.5 0.525447
907.5 0.519741
908.5 0.505818
909.5 0.498363
910.5 0.494977
911.5 0.488136
912.5 0.485277
913.5 0.480555
914.5 0.472462
915.5 0.466971
916.5 0.459469
917.5 0.445233
918.5 0.429428
919.5 0.420304
920.5 0.411166
921.5 0.402016
922.5 0.392853
923.5 0.383677
924.5 0.374489
925.5 0.365289
926.5 0.356077
927.5 0.346183
928.5 0.335307
929.5 0.326059
930.5 0.316799
931.5 0.306587
932.5 0.295927
933.5 0.272095
934.5 0.258509
935.5 0.253114
936.5 0.246139
937.5 0.239502
938.5 0.23742
939.5 0.238125
940.5 0.243547
941.5 0.247944
942.5 0.257461
943.5 0.27145
944.5 0.277134
945.5 0.283508
946.5 0.29048
947.5 0.297168
948.5 0.303003
949.5 0.309456
950.5 0.316435
951.5 0.323093
952.5 0.328923
953.5 0.336636
954.5 0.344022
955.5 0.352944
956.5 0.359797
957.5 0.368619
958.5 0.381963
959.5 0.387966
960.5 0.393983
961.5 0.398037
962.5 0.398144
963.5 0.399546
964.5 0.398885
965.5 0.39725
966.5 0.39725
967.5 0.39725
968.5 0.39725
969.5 0.39725
970.5 0.39725
971.5 0.39725
972.5 0.39725
973.5 0.39725
974.5 0.39725
975.5 0.39725
976.5 0.39725
977.5 0.39725
978.5 0.39725
979.5 0.39725
980.5 0.39725
981.5 0.39725
982.5 0.39725
983.5 0.39725
984.5 0.39725
985.5 0.39725
986.5 0.39725
987.5 0.39725
988.5 0.39725
989.5 0.39725
990.5 0.39725
991.5 0.39725
992.5 0.39725
993.5 0.39725
994.5 0.39725
995.5 0.39725
996.5 0.39725
997.5 0.39725
998.5 0.39725
999.5 0.39725
