178.41 0.629668 0.123583
178.791 0.633655 0.124366
179.172 0.637613 0.125143
179.553 1.06721 1.06721
179.934 0.274494 0.274494
180.316 0.408885 0.408885
180.697 0.856946 0.856946
181.078 0.860099 0.860099
181.459 0.41824 0.41824
181.84 0.434654 0.434654
182.221 1.98659 1.98659
182.602 -0.483887 -0.483887
182.983 -0.0702732 -0.0702732
183.364 6.84357 0.857794
183.744 0.329116 0.0613059
184.125 0.691387 0.0750931
184.506 0.513192 0.0573051
184.887 0.799575 0.0825137
185.268 0.907988 0.0773436
185.648 0.581448 0.0448544
186.029 0.541161 0.0416759
186.41 0.496464 0.0376034
186.791 0.529675 0.0361437
187.171 0.639657 0.0365757
187.552 0.711434 0.0325784
187.932 0.594203 0.0272101
188.313 0.700842 0.0298981
188.694 0.627817 0.026484
189.074 0.682208 0.0276834
189.455 0.636244 0.0260253
189.835 0.690549 0.0269501
190.216 0.666683 0.0256669
190.596 0.658833 0.0251236
190.977 0.631049 0.0239852
191.357 0.70577 0.0257147
191.737 0.682749 0.0249698
192.118 0.713485 0.0259278
192.498 0.693734 0.0246287
192.878 0.699051 0.0240668
193.258 0.694741 0.0242703
193.639 0.732388 0.0249488
194.019 0.765824 0.0250816
194.399 0.738419 0.0245354
194.779 0.778789 0.0251291
195.159 0.71381 0.0233781
195.54 0.707893 0.0230523
195.92 0.74132 0.0232479
196.3 0.769351 0.0237549
196.68 0.788969 0.0245058
197.06 0.767864 0.0237409
197.44 0.79038 0.0237205
197.82 0.785137 0.023486
198.2 0.802633 0.0235858
198.58 0.740866 0.0219203
198.959 0.809563 0.0228654
199.339 0.794539 0.0224209
199.719 0.813113 0.0233344
200.099 0.791734 0.0221204
200.479 0.788549 0.0219498
200.858 0.801146 0.0218767
201.238 0.840283 0.0226768
201.618 0.838975 0.0222719
201.998 0.823043 0.021742
202.377 0.847035 0.0218527
202.757 0.843997 0.0214417
203.136 0.861183 0.0218862
203.516 0.855336 0.0215021
203.896 0.817988 0.0203769
204.275 0.874872 0.0213049
204.655 0.848936 0.0205816
205.034 0.870924 0.0207406
205.414 0.842111 0.0198424
205.793 0.858269 0.0198846
206.172 0.854549 0.0195574
206.552 0.846819 0.0195551
206.931 0.855251 0.019319
207.31 0.843981 0.0189492
207.69 0.856819 0.0186464
208.069 0.88309 0.0190634
208.448 0.873855 0.0186039
208.827 0.876477 0.0184819
209.207 0.881092 0.0181381
209.586 0.882353 0.0178935
209.965 0.911214 0.0182299
210.344 0.886231 0.0175927
210.723 0.878349 0.0172296
211.102 0.873143 0.016903
211.481 0.875099 0.0168524
211.86 0.885506 0.0168192
212.239 0.883542 0.0164523
212.618 0.898382 0.016419
212.997 0.925283 0.0166474
213.376 0.884856 0.0158541
213.755 0.901644 0.0157663
214.134 0.910428 0.0157704
214.513 0.918162 0.0157099
214.891 0.897037 0.015162
215.27 0.916538 0.0152158
215.649 0.910984 0.0148457
216.028 0.912105 0.0147464
216.406 0.912983 0.0145235
216.785 0.926969 0.0145285
217.164 0.908098 0.014092
217.542 0.906808 0.0138484
217.921 0.907636 0.013689
218.3 0.941602 0.0139471
218.678 0.940922 0.0136478
219.057 0.958147 0.0136287
219.435 0.949608 0.0133469
219.814 0.946271 0.0131426
220.192 0.937336 0.0128733
220.57 0.933481 0.0126596
220.949 0.947893 0.0126708
221.327 0.932054 0.0122835
221.705 0.958321 0.0123337
222.084 0.949164 0.0120686
222.462 0.964362 0.0120936
222.84 0.966013 0.0119187
223.218 0.977285 0.011821
223.597 0.974732 0.0115748
223.975 0.9503 0.0112308
224.353 0.969381 0.0111704
224.731 0.978721 0.0110387
225.109 0.995065 0.011054
225.487 0.987629 0.010875
225.865 0.994835 0.0107419
226.243 1.00407 0.010645
226.621 1.00088 0.0104628
226.999 1.00527 0.0103144
227.377 1.00575 0.010188
227.755 0.990327 0.00993034
228.133 0.999028 0.00985115
228.511 1.02908 0.00996652
228.889 1.01348 0.00970386
229.266 1.01609 0.00964896
229.644 1.01002 0.00941984
230.022 1.01932 0.00936091
230.4 1.01999 0.00926409
230.777 1.02343 0.00918833
231.155 1.03216 0.00912027
231.533 1.02177 0.00891676
231.91 1.02373 0.00881038
232.288 1.03713 0.00882147
232.665 1.03233 0.00869571
233.043 1.04444 0.00864621
233.42 1.04551 0.00860494
233.798 1.04963 0.00850537
234.175 1.05921 0.00846249
234.553 1.06361 0.00843572
234.93 1.0516 0.00827879
235.307 1.06522 0.00827903
235.685 1.06236 0.00815631
236.062 1.06767 0.00812051
236.439 1.062 0.00803867
236.816 1.06465 0.00794844
237.194 1.06984 0.00789143
237.571 1.06459 0.00782694
237.948 1.07546 0.00782432
238.325 1.08642 0.00780202
238.702 1.07657 0.0076983
239.079 1.07932 0.00764146
239.456 1.0746 0.00756815
239.833 1.07448 0.00750728
240.21 1.0827 0.0074942
240.587 1.07596 0.00741227
240.964 1.08572 0.00739989
241.341 1.0894 0.00736321
241.718 1.09504 0.00731716
242.095 1.09971 0.00730265
242.472 1.0816 0.00717723
242.849 1.09828 0.00722221
243.225 1.08506 0.00708546
243.602 1.09819 0.00712924
243.979 1.09511 0.00710484
244.356 1.09104 0.00702063
244.732 1.09056 0.00695238
245.109 1.10528 0.00698529
245.486 1.09539 0.0068969
245.862 1.10223 0.00691097
246.239 1.11503 0.00690662
246.615 1.10253 0.00682384
246.992 1.10205 0.00678498
247.368 1.10801 0.00677291
247.745 1.10211 0.0067204
248.121 1.09884 0.00664297
248.497 1.11039 0.00669612
248.874 1.12091 0.00669233
249.25 1.10795 0.0065862
249.626 1.11228 0.00657586
250.003 1.10803 0.00653362
250.379 1.11603 0.00651568
250.755 1.11458 0.00648427
251.131 1.11681 0.00645466
251.507 1.11786 0.00647254
251.884 1.11311 0.00639069
252.26 1.12058 0.00641068
252.636 1.11775 0.0063522
253.012 1.11338 0.00631678
253.388 1.11598 0.00629647
253.764 1.12143 0.00629193
254.14 1.11617 0.00626462
254.516 1.12269 0.00626355
254.892 1.1223 0.00625659
255.268 1.13195 0.00625589
255.643 1.1227 0.00621279
256.019 1.10766 0.0061336
256.395 1.11816 0.00616756
256.771 1.12343 0.00614764
257.147 1.131 0.00615451
257.522 1.13045 0.00615933
257.898 1.1251 0.00611369
258.274 1.12821 0.00611787
258.649 1.13384 0.00611786
259.025 1.12155 0.00605587
259.4 1.12515 0.00605237
259.776 1.13395 0.0060742
260.151 1.13536 0.0060847
260.527 1.13856 0.00608314
260.902 1.12799 0.00602148
261.278 1.13256 0.00602228
261.653 1.12552 0.00600664
262.028 1.12793 0.00601365
262.404 1.14173 0.00604492
262.779 1.1358 0.0060059
263.154 1.13009 0.00597474
263.53 1.13401 0.00596205
263.905 1.1299 0.00596768
264.28 1.14087 0.00600222
264.655 1.13328 0.00596629
265.03 1.14013 0.00600758
265.405 1.14297 0.00599325
265.781 1.13336 0.00594718
266.156 1.14874 0.00601312
266.531 1.13605 0.00594428
266.906 1.13517 0.00594716
267.281 1.13785 0.00592727
267.655 1.14533 0.00599121
268.03 1.1406 0.00595766
268.405 1.1406 0.0059687
268.78 1.14949 0.00599921
269.155 1.14287 0.00595286
269.53 1.13035 0.00592323
269.904 1.13734 0.00593942
270.279 1.15065 0.00599613
270.654 1.14125 0.00594228
271.029 1.13807 0.00595071
271.403 1.14396 0.00596556
271.778 1.14325 0.00595741
272.152 1.14117 0.00596064
272.527 1.14292 0.00595969
272.901 1.1513 0.0059704
273.276 1.14021 0.00593055
273.65 1.14476 0.00592759
274.025 1.1527 0.00598659
274.399 1.14951 0.00598252
274.774 1.14723 0.0059522
275.148 1.142 0.00592765
275.522 1.13485 0.00589341
275.897 1.15141 0.0059615
276.271 1.1409 0.00593732
276.645 1.14306 0.00592523
277.019 1.14586 0.00593652
277.393 1.14329 0.00591306
277.768 1.14992 0.00595324
278.142 1.13378 0.0058875
278.516 1.15157 0.00597918
278.89 1.14784 0.00594132
279.264 1.14552 0.00595411
279.638 1.14161 0.00591657
280.012 1.14488 0.00591794
280.386 1.15156 0.00597203
280.76 1.14317 0.005928
281.133 1.14256 0.00593248
281.507 1.14288 0.0059245
281.881 1.14754 0.00592996
282.255 1.1485 0.00594574
282.629 1.14978 0.00596196
283.002 1.14098 0.00593658
283.376 1.14683 0.0059484
283.75 1.14639 0.00596332
284.123 1.14766 0.00595637
284.497 1.15577 0.00598654
284.87 1.15243 0.00598127
285.244 1.15431 0.00596658
285.618 1.14864 0.00596454
285.991 1.15229 0.00600061
286.364 1.15456 0.00601629
286.738 1.14496 0.0059793
287.111 1.14811 0.00596411
287.485 1.14862 0.00599647
287.858 1.1485 0.00600922
288.231 1.14406 0.00600932
288.605 1.1586 0.00605844
288.978 1.15412 0.00602373
289.351 1.14923 0.00603818
289.724 1.14898 0.00606077
290.097 1.15397 0.00606388
290.47 1.15592 0.0060871
290.843 1.15477 0.00607867
291.217 1.15704 0.00610451
291.59 1.15662 0.00614061
291.963 1.15042 0.00610981
292.336 1.15271 0.00613223
292.708 1.14611 0.00611063
293.081 1.14334 0.00611475
293.454 1.15484 0.00615448
293.827 1.15483 0.00617419
294.2 1.15353 0.00620006
294.573 1.15062 0.00617377
294.945 1.15543 0.00622649
295.318 1.15096 0.00618455
295.691 1.15748 0.00623566
296.064 1.15228 0.00622786
296.436 1.15108 0.00623216
296.809 1.15739 0.00625187
297.181 1.15218 0.0062566
297.554 1.15371 0.00627777
297.926 1.15648 0.00628482
298.299 1.16045 0.00629969
298.671 1.15733 0.00626639
299.044 1.15987 0.00630674
299.416 1.15814 0.0062909
299.788 1.15005 0.00627747
300.161 1.15331 0.00629354
300.533 1.15083 0.00629041
300.905 1.15425 0.00626928
301.278 1.15099 0.00627026
301.65 1.14963 0.00626388
302.022 1.15812 0.00631425
302.394 1.15653 0.00632164
302.766 1.15586 0.00630582
303.138 1.15343 0.0063239
303.51 1.15655 0.00628901
303.882 1.1631 0.00633604
304.254 1.15034 0.00628345
304.626 1.1485 0.00627191
304.998 1.15396 0.00628143
305.37 1.15455 0.00632017
305.742 1.14949 0.00628385
306.114 1.14856 0.00628817
306.485 1.15233 0.00628579
306.857 1.1519 0.00628023
307.229 1.14376 0.00627129
307.601 1.15243 0.0063092
307.972 1.15027 0.00629665
308.344 1.14897 0.00629651
308.716 1.16121 0.00636483
309.087 1.15282 0.00631148
309.459 1.14802 0.00631394
309.83 1.14948 0.00631374
310.202 1.14647 0.00628962
310.573 1.15145 0.00630333
310.945 1.15728 0.00634639
311.316 1.15469 0.00634834
311.687 1.14978 0.00630774
312.059 1.14923 0.00631998
312.43 1.15265 0.00633709
312.801 1.14435 0.00629702
313.172 1.15272 0.00634641
313.544 1.14528 0.00632469
313.915 1.15695 0.00634934
314.286 1.14738 0.00632501
314.657 1.14243 0.00629961
315.028 1.14887 0.0063316
315.399 1.14419 0.00632193
315.77 1.15146 0.00634084
316.141 1.14582 0.00632905
316.512 1.14699 0.00633554
316.883 1.15153 0.00637949
317.254 1.16224 0.00640354
317.625 1.14723 0.00637439
317.996 1.14669 0.00635832
318.366 1.15375 0.00638973
318.737 1.14824 0.00636851
319.108 1.14848 0.00637814
319.478 1.15431 0.00641624
319.849 1.13988 0.00635619
320.22 1.14919 0.00640085
320.59 1.15153 0.00640434
320.961 1.1448 0.00640244
321.331 1.14822 0.00639713
321.702 1.15328 0.00646637
322.072 1.14887 0.00644523
322.443 1.15208 0.00646214
322.813 1.15045 0.00644248
323.184 1.15125 0.00647474
323.554 1.14594 0.00646014
323.924 1.1447 0.00644276
324.295 1.14463 0.0064768
324.665 1.14458 0.00648408
325.035 1.14556 0.00647037
325.405 1.1369 0.00646706
325.775 1.15024 0.00654522
326.145 1.14435 0.00652403
326.515 1.15467 0.00659461
326.886 1.15036 0.00658255
327.256 1.14212 0.00656012
327.626 1.15 0.00663389
327.995 1.1488 0.00665458
328.365 1.14469 0.00665053
328.735 1.14198 0.00667036
329.105 1.14433 0.00673157
329.475 1.144 0.00679182
329.845 1.13186 0.00677852
330.215 1.133 0.00676657
330.584 1.1314 0.00668673
330.954 1.14249 0.00663382
331.324 1.14354 0.00648479
331.693 1.14169 0.00637822
332.063 1.15692 0.00638194
332.432 1.15525 0.00633599
332.802 1.14236 0.00629952
333.171 1.14361 0.00636179
333.541 1.1468 0.00648241
333.91 1.14828 0.00653577
334.28 1.14851 0.00658577
334.649 1.14489 0.00659196
335.018 1.13666 0.00658465
335.388 1.14681 0.00662974
335.757 1.14243 0.00661254
336.126 1.13093 0.00660452
336.495 1.14683 0.00665446
336.865 1.14349 0.00665489
337.234 1.14746 0.00671091
337.603 1.13835 0.00666538
337.972 1.14523 0.00670639
338.341 1.13998 0.00667179
338.71 1.13902 0.00668546
339.079 1.1432 0.00670638
339.448 1.14108 0.00667518
339.817 1.13573 0.00667288
340.186 1.13814 0.00669259
340.554 1.15115 0.00675006
340.923 1.14121 0.00670836
341.292 1.14166 0.0067459
341.661 1.13914 0.00672
342.029 1.1387 0.00671137
342.398 1.14214 0.00675118
342.767 1.1435 0.00677995
343.135 1.13714 0.00672017
343.504 1.1397 0.00677414
343.872 1.13265 0.00671499
344.241 1.13333 0.00671976
344.609 1.13085 0.0067339
344.978 1.13644 0.00675844
345.346 1.1284 0.00671546
345.715 1.14259 0.00678379
346.083 1.13502 0.00675932
346.451 1.14032 0.0067978
346.82 1.13312 0.00677027
347.188 1.13843 0.00677912
347.556 1.13012 0.00677642
347.924 1.12536 0.00672819
348.292 1.14469 0.00687481
348.66 1.1388 0.00683915
349.028 1.13267 0.00680112
349.396 1.13044 0.00680642
349.764 1.13434 0.00681345
350.132 1.14442 0.0068811
350.5 1.13434 0.00682465
350.868 1.13717 0.00688007
351.236 1.13217 0.00684968
351.604 1.13581 0.00688354
351.972 1.13797 0.00690015
352.34 1.13249 0.00688215
352.707 1.13325 0.00688693
353.075 1.12839 0.00685655
353.443 1.12739 0.00687681
353.81 1.13497 0.00692777
354.178 1.12938 0.00691198
354.545 1.13209 0.00689432
354.913 1.13117 0.00691465
355.28 1.12116 0.00687178
355.648 1.12932 0.00691181
356.015 1.14008 0.00696806
356.383 1.1349 0.00694022
356.75 1.1336 0.00696028
357.117 1.12954 0.00694521
357.485 1.139 0.00699904
357.852 1.13063 0.00696701
358.219 1.13838 0.00699859
358.586 1.12751 0.00695868
358.954 1.12792 0.00697121
359.321 1.12258 0.00695966
359.688 1.1289 0.00700199
360.055 1.12801 0.00698648
360.422 1.12973 0.00698379
360.789 1.1279 0.00701084
361.156 1.12926 0.00701333
361.523 1.12998 0.00704284
361.89 1.12917 0.0070409
362.256 1.12589 0.00698565
362.623 1.12905 0.00705243
362.99 1.14002 0.00711503
363.357 1.13437 0.00708866
363.724 1.13057 0.00706674
364.09 1.1291 0.00707338
364.457 1.13984 0.00713893
364.823 1.12705 0.00705096
365.19 1.11388 0.0070043
365.557 1.13435 0.0070975
365.923 1.13414 0.00709778
366.29 1.12906 0.00709072
366.656 1.13411 0.00711543
367.022 1.12726 0.0070573
367.389 1.13964 0.0071425
367.755 1.1168 0.00705686
368.121 1.12603 0.00712585
368.488 1.13476 0.00714368
368.854 1.12531 0.00711666
369.22 1.12775 0.00717744
369.586 1.12377 0.00718187
369.952 1.12438 0.00719508
370.318 1.11788 0.00719669
370.684 1.12494 0.00724119
371.051 1.11821 0.00720638
371.416 1.12284 0.00725881
371.782 1.11582 0.00721289
372.148 1.1168 0.0072307
372.514 1.12479 0.0072869
372.88 1.12526 0.00727967
373.246 1.12369 0.00729692
373.612 1.12544 0.0072875
373.977 1.1203 0.00724445
374.343 1.1234 0.00724935
374.709 1.12475 0.00723018
375.074 1.12488 0.00725761
375.44 1.12164 0.00726448
375.806 1.11924 0.00729279
376.171 1.12906 0.00731836
376.537 1.11097 0.0072345
376.902 1.12264 0.00730453
377.268 1.12765 0.00729192
377.633 1.11745 0.00724331
377.998 1.11175 0.00717336
378.364 1.12027 0.00717504
378.729 1.11626 0.0071493
379.094 1.12083 0.00718859
379.459 1.12556 0.00729149
379.825 1.11637 0.00726166
380.19 1.11183 0.0072505
380.555 1.12047 0.00734365
380.92 1.11996 0.00739844
381.285 1.12092 0.00743438
381.65 1.11387 0.00736771
382.015 1.11137 0.00733016
382.38 1.12168 0.00739807
382.745 1.12541 0.00747001
383.11 1.11304 0.00741545
383.474 1.12355 0.00745323
383.839 1.1168 0.00742943
384.204 1.12186 0.00748085
384.569 1.11479 0.00745319
384.933 1.1215 0.00749054
385.298 1.11818 0.00753092
385.663 1.12265 0.00756181
386.027 1.11441 0.0074856
386.392 1.11004 0.00744645
386.756 1.11132 0.00740286
387.121 1.11545 0.00742459
387.485 1.1126 0.00735484
387.849 1.10961 0.00729811
388.214 1.12573 0.00745426
388.578 1.11615 0.00742206
388.942 1.11722 0.00751296
389.307 1.1052 0.00743687
389.671 1.12236 0.00753752
390.035 1.10471 0.00743729
390.399 1.1115 0.00746256
390.763 1.10969 0.00741813
391.127 1.10578 0.00734917
391.492 1.10413 0.00726635
391.856 1.10686 0.00721209
392.219 1.11234 0.00713387
392.583 1.12357 0.00721986
392.947 1.12354 0.00732797
393.311 1.11624 0.00739783
393.675 1.11432 0.00742417
394.039 1.10835 0.00742347
394.403 1.11245 0.00746506
394.766 1.12036 0.00754018
395.13 1.12165 0.00755016
395.494 1.10612 0.00748739
395.857 1.113 0.00750604
396.221 1.10838 0.00745402
396.584 1.10486 0.00739474
396.948 1.10024 0.00730153
397.311 1.09962 0.00718841
397.675 1.11806 0.00720501
398.038 1.11144 0.00716166
398.401 1.11361 0.00726598
398.765 1.11169 0.00736833
399.128 1.11508 0.00748863
399.491 1.1089 0.0075181
399.854 1.10549 0.00753601
400.218 1.09491 0.00748475
400.581 1.12195 0.00765593
400.944 1.10093 0.00757382
401.307 1.11189 0.0077394
401.67 1.10797 0.00770546
402.033 1.10677 0.00770744
402.396 1.1039 0.00770371
402.759 1.09832 0.0076812
403.122 1.10517 0.00769731
403.485 1.11505 0.00771951
403.847 1.1061 0.00764195
404.21 1.102 0.00759158
404.573 1.11322 0.00759917
404.936 1.10745 0.00751109
405.298 1.11303 0.0076266
405.661 1.11352 0.00774113
406.023 1.1075 0.00780908
406.386 1.09353 0.00777795
406.749 1.10099 0.00787383
407.111 1.10395 0.00792345
407.473 1.0992 0.00779686
407.836 1.10888 0.00776582
408.198 1.10959 0.0077502
408.561 1.10996 0.00775338
408.923 1.09281 0.00766585
409.285 1.09284 0.0076555
409.647 1.10836 0.00782318
410.009 1.10763 0.00789254
410.372 1.1082 0.00789374
410.734 1.099 0.00790047
411.096 1.09517 0.00788184
411.458 1.09354 0.00787911
411.82 1.10265 0.00785785
412.182 1.09502 0.00775201
412.544 1.10893 0.00783208
412.906 1.10687 0.00782381
413.267 1.10088 0.00778673
413.629 1.11049 0.00790121
413.991 1.0954 0.00788967
414.353 1.11358 0.00796567
414.714 1.10993 0.00805612
415.076 1.10335 0.00800649
415.438 1.10418 0.00800142
415.799 1.09965 0.00793905
416.161 1.10231 0.00802528
416.522 1.10097 0.00807043
416.884 1.1028 0.00807962
417.245 1.10579 0.00810505
417.607 1.09684 0.00805899
417.968 1.09546 0.00808412
418.329 1.10648 0.0080661
418.691 1.09788 0.00804239
419.052 1.1006 0.00803999
419.413 1.10323 0.00803201
419.774 1.1043 0.0079824
420.135 1.10026 0.00781454
420.497 1.08994 0.00765288
420.858 1.10976 0.00761487
421.219 1.11219 0.00760325
421.58 1.10716 0.00764831
421.941 1.09641 0.00770421
422.302 1.0935 0.00785273
422.662 1.10113 0.00792175
423.023 1.09486 0.00794178
423.384 1.09529 0.00797485
423.745 1.09295 0.00793915
424.106 1.10649 0.00798883
424.466 1.09918 0.00789708
424.827 1.09987 0.00796336
425.187 1.09996 0.0081185
425.548 1.10627 0.00824257
425.909 1.08928 0.00820538
426.269 1.08562 0.00813711
426.63 1.08788 0.00811517
426.99 1.0928 0.00803768
427.35 1.08614 0.0080472
427.711 1.09576 0.0080774
428.071 1.09204 0.00798819
428.431 1.08013 0.00781703
428.792 1.09009 0.00760549
429.152 1.09628 0.00740144
429.512 1.10549 0.00738811
429.872 1.10628 0.00740762
430.232 1.10001 0.00746145
430.592 1.10668 0.00770327
430.952 1.10165 0.0079148
431.312 1.09104 0.00805081
431.672 1.09881 0.00824432
432.032 1.09091 0.00822251
432.392 1.0888 0.00815429
432.752 1.07759 0.0077466
433.111 1.10507 0.00761285
433.471 1.11331 0.00768178
433.831 1.1132 0.00799136
434.19 1.09217 0.00794443
434.55 1.10143 0.00796402
434.91 1.10278 0.00807612
435.269 1.08438 0.00793898
435.629 1.08684 0.00790989
435.988 1.09659 0.00791738
436.348 1.09222 0.00794949
436.707 1.09661 0.00811012
437.066 1.08331 0.00807037
437.426 1.08871 0.00804891
437.785 1.09198 0.0080095
438.144 1.09742 0.00801515
438.503 1.10206 0.00810822
438.862 1.10089 0.00813158
439.222 1.09179 0.00813714
439.581 1.09357 0.0082183
439.94 1.0957 0.00819689
440.299 1.08519 0.00787498
440.658 1.07073 0.00755603
441.017 1.08775 0.00758528
441.376 1.10635 0.00771558
441.734 1.08922 0.00775864
442.093 1.08752 0.00777495
442.452 1.07985 0.00769827
442.811 1.09993 0.007708
443.169 1.09861 0.00772642
443.528 1.09993 0.00784541
443.887 1.09333 0.00785389
444.245 1.08171 0.00781406
444.604 1.09764 0.00797581
444.962 1.08875 0.00799734
445.321 1.08744 0.00797907
445.679 1.08526 0.00793751
446.038 1.09351 0.00793176
446.396 1.08906 0.00799318
446.754 1.08626 0.00810364
447.112 1.09227 0.00814917
447.471 1.09477 0.00823454
447.829 1.08205 0.00822156
448.187 1.07803 0.00817653
448.545 1.08669 0.00819722
448.903 1.08777 0.00821787
449.261 1.09218 0.00825753
449.619 1.09034 0.00831365
449.977 1.08625 0.00831621
450.335 1.09121 0.00842374
450.693 1.08476 0.00843799
451.051 1.08873 0.00848
451.409 1.07506 0.0083991
451.766 1.10579 0.00858275
452.124 1.10199 0.00866391
452.482 1.08444 0.00865843
452.839 1.08418 0.00871369
453.197 1.08872 0.00883762
453.555 1.09572 0.0088806
453.912 1.09897 0.00894475
454.27 1.06926 0.00862982
454.627 1.09158 0.00865024
454.984 1.09016 0.00859958
455.342 1.0884 0.00871674
455.699 1.08296 0.00876974
456.056 1.07692 0.00876149
456.414 1.08183 0.00866698
456.771 1.08633 0.00859555
457.128 1.08847 0.00854636
457.485 1.07578 0.00840663
457.842 1.08156 0.00847957
458.199 1.08956 0.00852732
458.556 1.08256 0.00842035
458.913 1.08615 0.00846019
459.27 1.09227 0.00841376
459.627 1.08579 0.00846792
459.984 1.07157 0.00837877
460.341 1.08472 0.00845091
460.697 1.09965 0.00859708
461.054 1.10807 0.00883842
461.411 1.08687 0.00894433
461.767 1.08519 0.00904736
462.124 1.08666 0.00910819
462.481 1.08272 0.00895038
462.837 1.07721 0.00880634
463.194 1.08428 0.0086383
463.55 1.07574 0.00865014
463.907 1.06928 0.00841942
464.263 1.08246 0.00835153
464.619 1.07872 0.00821018
464.976 1.08701 0.00809132
465.332 1.09827 0.00810835
465.688 1.09483 0.00824233
466.044 1.08723 0.00854535
466.4 1.10334 0.00880574
466.756 1.08856 0.00882144
467.112 1.08174 0.00876438
467.468 1.09132 0.00884407
467.824 1.08546 0.00880663
468.18 1.08964 0.00897379
468.536 1.08114 0.00898342
468.892 1.08361 0.00908397
469.248 1.07907 0.00910663
469.604 1.08346 0.0092036
469.959 1.08948 0.0092698
470.315 1.06893 0.00913535
470.671 1.08217 0.00920309
471.026 1.06915 0.00907645
471.382 1.07918 0.00904634
471.737 1.07103 0.00892249
472.093 1.07862 0.00883362
472.448 1.08003 0.00870987
472.804 1.0729 0.00853343
473.159 1.08124 0.00852996
473.514 1.08319 0.00854601
473.87 1.07317 0.00842226
474.225 1.06171 0.00814991
474.58 1.07655 0.00802617
474.935 1.08848 0.00807896
475.29 1.08811 0.00818246
475.645 1.08407 0.00822083
476 1.0774 0.00819697
476.355 1.08879 0.00831967
476.71 1.08019 0.00830969
477.065 1.07596 0.00812936
477.42 1.07127 0.00792807
477.775 1.09282 0.00802103
478.13 1.0711 0.00794748
478.485 1.08073 0.00797732
478.839 1.07838 0.00792142
479.194 1.07653 0.00771681
479.549 1.07462 0.00754652
479.903 1.09223 0.00761996
480.258 1.08983 0.00772817
480.612 1.06441 0.00751129
480.967 1.07694 0.00740551
481.321 1.08653 0.00739515
481.675 1.08883 0.0075358
482.03 1.08391 0.00767347
482.384 1.07114 0.00766319
482.738 1.07076 0.00762022
483.093 1.07746 0.0076145
483.447 1.062 0.00737229
483.801 1.06146 0.00718257
484.155 1.08785 0.0071615
484.509 0.99181 0.00635286
484.863 0.949783 0.00417434
485.217 0.967384 0.00369329
485.571 0.94672 0.0036144
485.925 1.18364 0.00492347
486.279 1.08973 0.00562922
486.632 1.08385 0.0061313
486.986 1.09236 0.00668204
487.34 1.09632 0.00718985
487.694 1.08081 0.00739269
488.047 1.06959 0.00744122
488.401 1.07811 0.0074621
488.754 1.07792 0.0075081
489.108 1.07919 0.00761613
489.461 1.07907 0.0076937
489.815 1.07867 0.00778229
490.168 1.071 0.00766304
490.522 1.07631 0.00765636
490.875 1.07692 0.00766858
491.228 1.07877 0.00771327
491.581 1.06646 0.0076216
491.935 1.08274 0.0077001
492.288 1.06908 0.00767605
492.641 1.07935 0.00766893
492.994 1.06387 0.00759214
493.347 1.07413 0.00758216
493.7 1.0748 0.00754462
494.053 1.07427 0.00756748
494.406 1.07932 0.00768548
494.759 1.07376 0.00784426
495.111 1.06242 0.00761769
495.464 1.05649 0.0072731
495.817 1.06453 0.00709101
496.169 1.10096 0.00740867
496.522 1.08848 0.00765414
496.875 1.07365 0.00788806
497.227 1.06241 0.00790447
497.58 1.07219 0.00799106
497.932 1.07467 0.00793129
498.285 1.06136 0.00782671
498.637 1.06279 0.00765071
498.989 1.07546 0.00758523
499.342 1.07893 0.0076011
499.694 1.0869 0.0077826
500.046 1.07451 0.0078764
500.398 1.05837 0.00763079
500.751 1.06665 0.00752842
501.103 1.06786 0.00755196
501.455 1.07623 0.00756653
501.807 1.07224 0.00756553
502.159 1.08201 0.00760075
502.511 1.07698 0.00759536
502.862 1.08255 0.00763184
503.214 1.07932 0.0077178
503.566 1.0834 0.00787274
503.918 1.07241 0.00793596
504.27 1.06598 0.00789011
504.621 1.07442 0.00792737
504.973 1.07042 0.0079899
505.324 1.06297 0.00793473
505.676 1.07916 0.00785417
506.027 1.07754 0.00781207
506.379 1.09269 0.00811519
506.73 1.06801 0.00819871
507.082 1.06503 0.00811448
507.433 1.05943 0.00797451
507.784 1.08972 0.00803218
508.136 1.08088 0.00810199
508.487 1.07556 0.00811765
508.838 1.06632 0.00819583
509.189 1.06999 0.00821514
509.54 1.06502 0.00810253
509.891 1.07941 0.00824192
510.242 1.06935 0.00817629
510.593 1.06936 0.00823109
510.944 1.07234 0.00830252
511.295 1.07996 0.0084566
511.646 1.07148 0.00856921
511.996 1.07173 0.00852504
512.347 1.06764 0.00844525
512.698 1.08521 0.00849537
513.049 1.06665 0.00843876
513.399 1.08318 0.00862194
513.75 1.06918 0.00852671
514.1 1.06903 0.00860255
514.451 1.08118 0.00887325
514.801 1.07446 0.00891148
515.152 1.07468 0.00879849
515.502 1.06406 0.00859556
515.852 1.07508 0.00856326
516.202 1.07087 0.00854224
516.553 1.07608 0.00865875
516.903 1.06963 0.008761
517.253 1.07279 0.00892034
517.603 1.06983 0.00896732
517.953 1.05303 0.00879828
518.303 1.05762 0.00867377
518.653 1.06989 0.00859231
519.003 1.07344 0.00868316
519.353 1.08543 0.00901393
519.703 1.07998 0.00925664
520.052 1.0624 0.00919538
520.402 1.07824 0.00924052
520.752 1.08301 0.00915964
521.102 1.07374 0.0091534
521.451 1.06604 0.00926049
521.801 1.07254 0.0092635
522.15 1.07689 0.00922215
522.5 1.06774 0.00907113
522.849 1.06653 0.00909019
523.199 1.05977 0.00894287
523.548 1.07576 0.00898757
523.897 1.0639 0.00892072
524.246 1.07499 0.00914949
524.596 1.07625 0.00930528
524.945 1.06248 0.0091816
525.294 1.06898 0.00920066
525.643 1.07069 0.00921744
525.992 1.06995 0.00919382
526.341 1.0627 0.00909109
526.69 1.0746 0.00923445
527.039 1.08175 0.00934726
527.388 1.05296 0.00927628
527.737 1.04325 0.00898853
528.086 1.06172 0.00878342
528.434 1.06825 0.00862754
528.783 1.08402 0.00880205
529.132 1.06981 0.00892557
529.48 1.06976 0.0090731
529.829 1.07417 0.00918871
530.177 1.06948 0.00922658
530.526 1.07196 0.00929874
530.874 1.05657 0.00913651
531.223 1.06139 0.00913773
531.571 1.05546 0.00910813
531.919 1.06583 0.0091773
532.268 1.05407 0.00888996
532.616 1.06469 0.00863602
532.964 1.07972 0.00852958
533.312 1.08287 0.00856414
533.66 1.06917 0.00850772
534.008 1.06326 0.00845503
534.356 1.06034 0.00843006
534.704 1.07654 0.00857892
535.052 1.07398 0.00864682
535.4 1.07399 0.00882922
535.748 1.07926 0.00908908
536.095 1.07956 0.00932244
536.443 1.0589 0.00927561
536.791 1.06017 0.00913124
537.139 1.05265 0.00887285
537.486 1.06437 0.00874073
537.834 1.06585 0.00865451
538.181 1.07175 0.00864446
538.529 1.06473 0.00861778
538.876 1.07874 0.00869132
539.223 1.07582 0.00877224
539.571 1.07623 0.00896008
539.918 1.06043 0.00888852
540.265 1.04925 0.00868985
540.613 1.06014 0.00860781
540.96 1.07491 0.00872677
541.307 1.06423 0.00871265
541.654 1.07099 0.00879494
542.001 1.05345 0.00866142
542.348 1.05564 0.00868654
542.695 1.04897 0.00866939
543.042 1.04864 0.00854312
543.388 1.05963 0.00849619
543.735 1.05948 0.00845803
544.082 1.06157 0.00846698
544.429 1.07124 0.00851403
544.775 1.08206 0.00873274
545.122 1.07588 0.00896114
545.469 1.06671 0.00910445
545.815 1.05533 0.00904485
546.162 1.0537 0.00897198
546.508 1.05136 0.0087744
546.854 1.05734 0.00856311
547.201 1.04774 0.0081451
547.547 1.0749 0.00816524
547.893 1.07827 0.00830396
548.24 1.08261 0.00868627
548.586 1.07362 0.00912707
548.932 1.05535 0.00917996
549.278 1.06664 0.00933226
549.624 1.05819 0.0091719
549.97 1.07809 0.00935866
550.316 1.0788 0.00956908
550.662 1.0534 0.00952239
551.008 1.03437 0.00912492
551.353 1.0535 0.00869094
551.699 1.05822 0.0083838
552.045 1.08774 0.00867888
552.391 1.06326 0.00880772
552.736 1.06091 0.00884704
553.082 1.05388 0.00885215
553.427 1.06893 0.00901452
553.773 1.0819 0.00938248
554.118 1.05501 0.00936398
554.464 1.05053 0.00909432
554.809 1.04324 0.00873982
555.154 1.06065 0.00860328
555.5 1.07587 0.00872396
555.845 1.07783 0.00898008
556.19 1.06257 0.00912165
556.535 1.0571 0.00935439
556.88 1.05061 0.00925247
557.225 1.07566 0.00929825
557.57 1.06301 0.00934986
557.915 1.07837 0.00970233
558.26 1.06151 0.00972928
558.605 1.05507 0.00973265
558.95 1.04145 0.00951362
559.295 1.03943 0.00904035
559.639 1.04318 0.00867754
559.984 1.05305 0.00841539
560.329 1.06806 0.00837922
560.673 1.07157 0.00841364
561.018 1.07583 0.00863534
561.362 1.0717 0.00881914
561.707 1.05564 0.00898335
562.051 1.04518 0.00886383
562.395 1.05878 0.00888716
562.74 1.07352 0.00874638
563.084 1.06103 0.00855956
563.428 1.04753 0.00831349
563.772 1.06343 0.00841145
564.117 1.04577 0.00828309
564.461 1.06999 0.00833881
564.805 1.06157 0.00839496
565.149 1.0521 0.00832561
565.493 1.05982 0.00833134
565.836 1.04737 0.00816453
566.18 1.05669 0.00810594
566.524 1.04146 0.00756083
566.868 1.05416 0.00734615
567.212 1.05647 0.00721516
567.555 1.04571 0.00709077
567.899 1.04702 0.00681479
568.242 1.04606 0.00652212
568.586 1.03659 0.0061138
568.929 1.04156 0.00573352
569.273 1.04944 0.00541789
569.616 1.06835 0.00539821
569.96 1.05343 0.00529144
570.303 1.04939 0.0051228
570.646 1.06459 0.00508113
570.989 1.04904 0.00490582
571.333 1.07526 0.00496332
571.676 1.07912 0.00511631
572.019 1.08132 0.00554985
572.362 1.02934 0.00525906
572.705 1.03289 0.00488882
573.048 1.04992 0.00465678
573.391 1.0451 0.00449585
573.733 1.04739 0.00440053
574.076 1.04606 0.00434914
574.419 1.06423 0.00445314
574.762 1.06352 0.0046868
575.104 1.07375 0.0050175
575.447 1.0345 0.00500345
575.789 1.0326 0.0047361
576.132 1.03994 0.00443703
576.474 1.04538 0.00442082
576.817 1.01436 0.00405486
577.159 0.989827 0.00377898
577.501 0.965245 0.00368513
577.844 1.0665 0.00408558
578.186 1.08708 0.0045983
578.528 1.0452 0.00478924
578.87 1.05089 0.00482878
579.212 1.02851 0.00468066
579.554 1.04778 0.00453079
579.896 1.0586 0.00458801
580.238 1.02442 0.00435547
580.58 0.978451 0.00373555
580.922 0.905338 0.00345641
581.264 0.905294 0.00345624
581.606 0.916809 0.00350021
581.947 1.02541 0.00391483
582.289 1.07226 0.00440063
582.631 1.07829 0.0049053
582.972 1.05011 0.00521136
583.314 1.04617 0.00522384
583.655 1.03982 0.00509952
583.997 1.0198 0.00465459
584.338 1.02564 0.00429888
584.679 1.02655 0.00410383
585.021 1.05514 0.00419134
585.362 1.07074 0.00451892
585.703 1.07461 0.00486504
586.044 1.03221 0.00489951
586.385 1.03533 0.00466798
586.726 1.03634 0.00444113
587.067 1.08109 0.0046205
587.408 1.07177 0.00487021
587.749 1.0683 0.00509148
588.09 1.06953 0.00531841
588.431 1.0749 0.00560563
588.772 1.05707 0.00585065
589.113 1.03979 0.00574266
589.453 1.05967 0.00577011
589.794 1.074 0.00592965
590.134 1.07587 0.00623162
590.475 1.04499 0.00634008
590.815 1.0404 0.00631305
591.156 1.05728 0.00635204
591.496 1.0275 0.00620308
591.837 0.995057 0.00529492
592.177 1.03333 0.00487592
592.517 1.05589 0.00462213
592.857 1.08333 0.00486091
593.198 1.08629 0.00515339
593.538 1.0786 0.00563149
593.878 1.05176 0.00585657
594.218 1.03186 0.00568582
594.558 1.04759 0.00548013
594.898 1.06774 0.00560717
595.237 1.07811 0.00592997
595.577 1.06701 0.00629961
595.917 1.0561 0.0066304
596.257 1.03652 0.00642328
596.596 1.03409 0.00623993
596.936 1.05142 0.00609571
597.276 1.06399 0.00636177
597.615 1.04434 0.00630161
597.955 1.00225 0.00554487
598.294 1.05269 0.005215
598.633 1.06626 0.00519065
598.973 1.07575 0.00541242
599.312 1.04561 0.0053642
599.651 1.06091 0.00539281
599.991 1.06472 0.00554495
600.33 1.06943 0.00561668
600.669 1.06809 0.00578152
601.008 1.06778 0.00595353
601.347 1.06261 0.00618897
601.686 1.04086 0.00600984
602.025 1.05446 0.00604793
602.364 1.02945 0.00573553
602.702 1.05742 0.00570395
603.041 1.06843 0.0057055
603.38 1.07197 0.00592565
603.719 1.07336 0.00622731
604.057 1.05286 0.00638819
604.396 1.03981 0.00635394
604.734 1.03157 0.00617786
605.073 1.03679 0.00565656
605.411 1.0706 0.00575088
605.75 1.06112 0.00583978
606.088 1.05964 0.00620168
606.426 1.04289 0.00608039
606.764 1.0431 0.00597869
607.103 1.07025 0.00613109
607.441 1.05498 0.00635768
607.779 1.06487 0.00657082
608.117 1.0471 0.00648384
608.455 1.07093 0.0067479
608.793 1.04073 0.00683409
609.131 1.02478 0.00641651
609.469 1.05038 0.00625851
609.806 1.06364 0.00627487
610.144 1.07123 0.00675776
610.482 1.04655 0.00687547
610.819 1.05127 0.00685067
611.157 1.05013 0.00687054
611.495 1.05629 0.00711351
611.832 1.05125 0.00718016
612.17 1.04007 0.00709074
612.507 1.04277 0.00700602
612.844 1.04872 0.0070818
613.182 1.05405 0.00713764
613.519 1.04611 0.00707025
613.856 1.04852 0.00703294
614.193 1.03089 0.00694976
614.53 1.04015 0.00681565
614.867 1.04538 0.00673926
615.205 1.07825 0.0071941
615.541 1.06022 0.00735716
615.878 1.03774 0.00762659
616.215 1.04168 0.00765011
616.552 1.05634 0.00774302
616.889 1.03993 0.00756867
617.226 1.04582 0.00745191
617.562 1.05729 0.00762529
617.899 1.05337 0.00807046
618.235 1.06713 0.00857693
618.572 1.03362 0.00880888
618.908 1.0294 0.0086292
619.245 1.03257 0.00826258
619.581 1.04143 0.00807766
619.918 1.09078 0.00871842
620.254 1.08116 0.00979377
620.59 1.01999 0.00994167
620.926 1.01618 0.00939129
621.262 1.04688 0.00900931
621.599 1.05955 0.00889742
621.935 1.04022 0.0088556
622.271 1.04303 0.00854359
622.606 1.03889 0.00827289
622.942 1.06438 0.00847601
623.278 1.05879 0.00878254
623.614 1.01188 0.00825758
623.95 1.04286 0.008249
624.285 1.04225 0.00834205
624.621 1.06878 0.00889342
624.957 1.04749 0.00913056
625.292 1.05212 0.00935486
625.628 1.06641 0.00978289
625.963 1.03518 0.00976362
626.299 1.02914 0.00956203
626.634 1.04126 0.0094509
626.969 1.05866 0.00964
627.304 1.07671 0.0103533
627.64 1.04447 0.0110091
627.975 1.02671 0.0109658
628.31 1.01674 0.0104015
628.645 1.05143 0.0101596
628.98 1.0552 0.0103502
629.315 1.04459 0.0104306
629.65 1.01734 0.0103942
629.985 1.04154 0.0105274
630.319 1.06302 0.0110618
630.654 1.02852 0.0110746
630.989 1.03846 0.0110572
631.323 1.05033 0.0113367
631.658 1.05704 0.0117031
631.993 1.0492 0.0122011
632.327 1.02079 0.0121424
632.662 1.03249 0.0121866
632.996 1.03938 0.0120626
633.33 1.05252 0.0120267
633.665 1.07062 0.01234
633.999 1.04088 0.0125021
634.333 1.05175 0.0127315
634.667 1.0302 0.012609
635.001 1.01209 0.0121448
635.335 1.02148 0.0118291
635.669 1.01935 0.0113383
636.003 1.05052 0.0115158
636.337 1.05159 0.0119754
636.671 1.04321 0.0125126
637.005 1.03886 0.0130106
637.339 1.02654 0.0129767
637.672 1.01727 0.0125839
638.006 1.05168 0.012466
638.339 1.05257 0.0124467
638.673 1.06129 0.0129325
639.006 1.02804 0.0130321
639.34 1.03163 0.0131907
639.673 1.03932 0.0133698
640.007 1.03024 0.0133298
640.34 1.04183 0.0135315
640.673 1.03234 0.0137604
641.006 1.04201 0.0139708
641.34 1.04505 0.0141004
641.673 1.0474 0.0144579
642.006 1.03428 0.0146356
642.339 1.02224 0.0143822
642.672 1.03686 0.0143556
643.004 1.04618 0.0144817
643.337 1.03941 0.0147439
643.67 1.01657 0.0147193
644.003 1.01081 0.0144279
644.336 1.04379 0.0147496
644.668 1.02928 0.0146884
645.001 1.04799 0.0150029
645.333 1.04389 0.0151964
645.666 1.04283 0.01562
645.998 1.039 0.0159814
646.331 0.996519 0.0156582
646.663 1.01041 0.0157445
646.995 0.993359 0.0148414
647.327 1.02266 0.0140785
647.66 1.02599 0.0130944
647.992 1.02934 0.0127735
648.324 1.03038 0.0126656
648.656 1.04505 0.0129166
648.988 1.04684 0.0133438
649.32 1.04385 0.0140772
649.652 1.039 0.0148832
649.983 1.02624 0.0151846
650.315 1.03055 0.0154399
650.647 1.00532 0.0149959
650.979 1.00968 0.0143968
651.31 1.01485 0.0139002
651.642 1.01151 0.0133708
651.973 1.0328 0.0134643
652.305 1.0278 0.0134221
652.636 1.03051 0.0135034
652.967 1.03874 0.0139357
653.299 1.02431 0.0140835
653.63 1.02172 0.014133
653.961 0.995406 0.013282
654.292 0.925423 0.0107043
654.623 0.667118 0.00377069
654.955 0.898524 0.0034304
655.286 0.898469 0.00343019
655.616 0.898413 0.00342998
655.947 0.898356 0.00342976
656.278 0.898299 0.00342954
656.609 0.89824 0.00342932
656.94 1.02275 0.00460199
657.27 0.977508 0.00533086
657.601 0.962605 0.00606202
657.932 0.994517 0.00732837
658.262 1.02459 0.00908051
658.593 1.0367 0.0111493
658.923 1.05895 0.0134709
659.254 1.02756 0.0147814
659.584 1.02957 0.0158944
659.914 1.02074 0.0165582
660.244 1.00788 0.0170142
660.575 1.01899 0.0172138
660.905 1.03133 0.0173203
661.235 1.00837 0.0169009
661.565 1.02068 0.0168029
661.895 1.01065 0.0166772
662.225 1.02065 0.0170003
662.555 1.02138 0.0171557
662.884 1.00763 0.0170273
663.214 1.00969 0.0167208
663.544 1.02526 0.0166231
663.873 1.04203 0.0167345
664.203 0.982255 0.0157569
664.533 1.03206 0.016024
664.862 1.02805 0.0157606
665.192 1.0327 0.016077
665.521 1.02263 0.0167026
665.85 1.00638 0.0172928
666.18 1.0045 0.0179177
666.509 0.995736 0.0177706
666.838 1.00663 0.0177906
667.167 1.0387 0.0177723
667.496 1.04331 0.0179072
667.825 1.01041 0.017531
668.154 0.993884 0.0174406
668.483 1.02894 0.0177753
668.812 1.00579 0.0171941
669.141 1.03011 0.0172481
669.47 1.00194 0.0166013
669.798 1.0311 0.0169644
670.127 1.03133 0.017367
670.456 0.994341 0.0163693
670.784 0.998918 0.0147838
671.113 1.01318 0.0135778
671.441 1.02899 0.012764
671.77 1.0448 0.0129276
672.098 1.06128 0.0134988
672.426 1.06164 0.0147838
672.755 1.01784 0.0155079
673.083 0.996131 0.0158191
673.411 1.00773 0.0160407
673.739 1.03257 0.016342
674.067 1.00793 0.0166569
674.395 1.00888 0.0170817
674.723 0.968273 0.0162662
675.051 1.02068 0.016517
675.379 1.02016 0.0165724
675.706 1.02255 0.0165709
676.034 1.01382 0.016832
676.362 1.0119 0.0171141
676.689 0.985356 0.0160335
677.017 1.00073 0.0149624
677.344 1.01972 0.0144536
677.672 1.04482 0.0146565
677.999 1.02737 0.0149746
678.327 1.02138 0.0146917
678.654 0.99057 0.0137056
678.981 1.01587 0.0134919
679.308 1.02477 0.0134787
679.636 1.05305 0.0141691
679.963 1.03231 0.014718
680.29 1.00819 0.0149813
680.617 1.02225 0.0148182
680.944 1.01107 0.0144506
681.271 1.03949 0.0147156
681.597 1.01203 0.0153657
681.924 1.01654 0.0164618
682.251 0.998907 0.0167461
682.578 1.00239 0.0160274
682.904 1.00022 0.0149963
683.231 1.01582 0.0144241
683.557 1.00722 0.0139697
683.884 1.02576 0.0137841
684.21 1.01377 0.0132744
684.536 1.0187 0.0128468
684.863 1.03408 0.0127861
685.189 1.02614 0.0127758
685.515 1.03358 0.0133824
685.841 1.01295 0.0137937
686.167 0.991933 0.0138556
686.493 1.01573 0.0137014
686.819 1.02678 0.0138505
687.145 1.04397 0.0144504
687.471 1.04047 0.0154508
687.797 1.02255 0.0160931
688.123 0.988456 0.0156812
688.448 0.995351 0.0154925
688.774 1.00297 0.014942
689.1 1.02786 0.0152844
689.425 1.04155 0.0159323
689.751 1.00371 0.0159592
690.076 0.980496 0.0152313
690.402 0.99549 0.0142899
690.727 1.02318 0.0139724
691.052 1.0343 0.0142072
691.377 1.02196 0.0146408
691.703 1.01598 0.0148957
692.028 1.02767 0.0152201
692.353 1.00077 0.0145878
692.678 1.01827 0.0147067
693.003 1.01456 0.0148913
693.328 1.04617 0.0164
693.652 1.01389 0.017121
693.977 0.988385 0.0167504
694.302 0.979641 0.0158597
694.627 1.00472 0.0154729
694.951 1.04117 0.0162493
695.276 1.04667 0.0175872
695.6 1.0206 0.0181843
695.925 0.967605 0.0161084
696.249 0.998054 0.0143204
696.574 1.01123 0.0132877
696.898 1.06474 0.0139386
697.222 1.02326 0.0144195
697.546 1.03026 0.0151085
697.871 1.01745 0.0154932
698.195 1.03419 0.0157968
698.519 1.01139 0.0159227
698.843 1.01843 0.0163555
699.167 1.01523 0.0169435
699.491 1.01263 0.017522
699.814 1.00489 0.0178764
700.138 1.00458 0.0178307
700.462 1.02398 0.018161
700.786 1.00894 0.0180536
701.109 0.999867 0.0175723
701.433 1.00032 0.0168435
701.756 0.986561 0.0161959
702.08 1.03005 0.0164434
702.403 1.00493 0.016385
702.726 1.02285 0.0172069
703.05 1.00432 0.0176238
703.373 0.999384 0.017933
703.696 0.999841 0.0179112
704.019 1.00908 0.0185479
704.342 1.0005 0.0190374
704.665 1.00818 0.0198204
704.988 1.00535 0.0200228
705.311 0.971909 0.0187821
705.634 0.960882 0.017061
705.957 1.00455 0.0155948
706.28 0.991569 0.0142819
706.602 1.03001 0.0140944
706.925 1.02473 0.0141899
707.247 1.01845 0.0146813
707.57 1.04031 0.0155411
707.892 1.00671 0.015662
708.215 1.02581 0.0165297
708.537 1.00918 0.0170681
708.859 1.02207 0.0175102
709.182 1.00535 0.0172709
709.504 0.983536 0.0164658
709.826 0.991991 0.0161951
710.148 1.01769 0.016518
710.47 1.03779 0.0171009
710.792 1.00567 0.0173464
711.114 1.00694 0.0178804
711.436 1.0027 0.0184631
711.758 0.991001 0.0181267
712.079 0.994512 0.0179312
712.401 1.01224 0.0175067
712.723 0.990335 0.0164656
713.044 0.99214 0.0157001
713.366 1.00347 0.0153682
713.687 1.00755 0.0153454
714.009 1.00756 0.0158817
714.33 1.00917 0.0161741
714.652 0.994412 0.0165371
714.973 1.02195 0.0173028
715.294 0.993822 0.0178379
715.615 1.02586 0.0192348
715.936 1.001 0.0194954
716.257 0.993299 0.0197568
716.578 1.00538 0.0199971
716.899 1.0021 0.0196948
717.22 0.980227 0.018175
717.541 1.00738 0.0179377
717.862 0.983714 0.0173191
718.182 0.979889 0.0175522
718.503 0.9647 0.0169542
718.824 1.0241 0.017696
719.144 1.00858 0.0177705
719.465 0.994307 0.018129
719.785 0.993981 0.017981
720.105 0.976513 0.0173221
720.426 0.9973 0.0173493
720.746 1.03095 0.0178917
721.066 0.99239 0.0176357
721.386 1.00069 0.0179169
721.706 1.02567 0.0186313
722.026 0.985986 0.0184836
722.346 1.00063 0.0189607
722.666 0.997164 0.018786
722.986 1.01017 0.0185113
723.306 1.0024 0.0185025
723.626 1.00926 0.0189126
723.946 0.991775 0.0187726
724.265 0.983503 0.0179238
724.585 0.981278 0.0169851
724.904 0.975528 0.0164566
725.224 1.01482 0.0169327
725.543 0.990115 0.0167014
725.863 1.00486 0.0168485
726.182 0.99847 0.017218
726.501 0.986828 0.0178022
726.82 0.999195 0.0180624
727.14 0.973027 0.0171718
727.459 1.00291 0.0170473
727.778 0.986498 0.016643
728.097 1.0125 0.0170923
728.416 0.969527 0.0165098
728.734 0.994007 0.0163229
729.053 1.0124 0.0162078
729.372 1.01948 0.0162534
729.691 0.976953 0.0155915
730.009 0.977921 0.0147526
730.328 0.99391 0.0144041
730.647 1.03214 0.014621
730.965 1.02482 0.0149239
731.283 1.02389 0.0155062
731.602 1.00103 0.0157301
731.92 1.0001 0.0156033
732.238 0.997653 0.01517
732.557 0.993555 0.0147506
732.875 1.01178 0.0148229
733.193 0.997601 0.013929
733.511 1.01186 0.0134933
733.829 1.02104 0.0136747
734.147 1.03998 0.0146574
734.465 1.0149 0.0153321
734.782 0.990702 0.0151401
735.1 1.00081 0.0150234
735.418 1.00997 0.0149403
735.735 0.996962 0.0147471
736.053 1.01815 0.0149935
736.371 0.99828 0.0147936
736.688 1.02522 0.015417
737.005 1.02604 0.0163456
737.323 1.03325 0.017218
737.64 0.994157 0.0171297
737.957 0.993692 0.0165551
738.274 0.982748 0.0149959
738.592 0.996665 0.0144343
738.909 1.04485 0.014954
739.226 1.05315 0.016272
739.543 1.0197 0.0172851
739.86 0.983194 0.0177874
740.176 0.994409 0.0186379
740.493 1.04093 0.0199363
740.81 0.989526 0.0197292
741.127 0.941971 0.0188141
741.443 0.98776 0.0186562
741.76 0.990601 0.0177989
742.076 1.00379 0.0178198
742.393 1.00973 0.0184981
742.709 0.993448 0.0194297
743.025 1.0116 0.0204082
743.342 0.966668 0.0197339
743.658 0.970453 0.0194711
743.974 1.01435 0.0194982
744.29 0.986981 0.0188783
744.606 1.01708 0.0195269
744.922 0.989658 0.0194295
745.238 1.02397 0.0197862
745.554 0.99062 0.0197858
745.87 0.987812 0.0199395
746.186 0.968692 0.0192716
746.501 1.01116 0.0189775
746.817 1.01827 0.0188928
747.132 0.994639 0.0197877
747.448 0.999367 0.0208787
747.763 0.973058 0.0207159
748.079 0.949639 0.0197469
748.394 0.989356 0.0187268
748.71 0.979631 0.0173969
749.025 0.969472 0.0161188
749.34 1.02397 0.0162114
749.655 1.01711 0.0162605
749.97 1.03882 0.0170852
750.285 1.01085 0.0170936
750.6 1.00806 0.0168906
750.915 0.983472 0.0160595
751.23 1.01901 0.0164983
751.545 1.00291 0.0168469
751.859 0.997903 0.0176288
752.174 1.01493 0.0184294
752.489 0.951217 0.0169245
752.803 1.00527 0.0164345
753.118 1.0167 0.0161779
753.432 1.02446 0.0165841
753.747 1.02743 0.017351
754.061 0.96602 0.016513
754.375 0.978454 0.0158892
754.689 1.00363 0.0156255
755.004 1.02337 0.0155032
755.318 0.991263 0.0150663
755.632 0.981268 0.0143843
755.946 1.01854 0.0142728
756.26 1.00283 0.0136747
756.573 1.00157 0.0128949
756.887 1.02054 0.012633
757.201 1.02353 0.0126895
757.515 1.04424 0.013859
757.828 1.03792 0.014904
758.142 0.989333 0.0147265
758.455 0.958683 0.0136171
758.769 0.975568 0.0129719
759.082 1.02177 0.0130297
759.396 1.01456 0.0126884
759.709 1.00704 0.0125242
760.022 1.01435 0.0125005
760.335 1.03514 0.0131889
760.648 1.02189 0.0139436
760.962 1.03163 0.0150756
761.275 1.01706 0.0158846
761.587 0.994963 0.0160917
761.9 0.98697 0.0161412
762.213 0.965037 0.0154775
762.526 0.987903 0.0150859
762.839 0.989422 0.0150308
763.151 0.973471 0.0145399
763.464 0.974791 0.0138079
763.776 0.984579 0.0129763
764.089 1.00461 0.0125557
764.401 1.01154 0.0129366
764.714 1.01438 0.0136239
765.026 1.0115 0.0144925
765.338 1.02033 0.0154638
765.65 1.01523 0.0166959
765.962 0.996714 0.0174244
766.275 0.983606 0.0180412
766.587 0.966537 0.0181208
766.898 0.938625 0.0173774
767.21 0.970198 0.0169142
767.522 0.982743 0.0156829
767.834 0.991671 0.0149849
768.146 1.00265 0.0151109
768.457 1.03657 0.0159593
768.769 0.997854 0.0165212
769.08 0.966878 0.0166732
769.392 0.976175 0.016251
769.703 0.977498 0.015413
770.015 0.984264 0.0148347
770.326 1.01624 0.0149645
770.637 1.03478 0.0155665
770.948 1.02623 0.0165598
771.26 0.996701 0.0174636
771.571 0.98741 0.0176807
771.882 1.0044 0.0178045
772.193 0.989326 0.0172563
772.504 0.975749 0.0173927
772.814 1.01467 0.0184432
773.125 0.985317 0.0184515
773.436 0.98256 0.018847
773.747 0.98808 0.0195318
774.057 1.00235 0.020208
774.368 0.974481 0.0199974
774.678 1.00128 0.0207588
774.989 0.984467 0.0211672
775.299 0.99137 0.0218197
775.609 0.957512 0.0214562
775.919 0.962986 0.021284
776.23 0.948607 0.0208785
776.54 1.00704 0.0218496
776.85 0.968309 0.0212437
777.16 0.946447 0.0208675
777.47 0.987654 0.0203796
777.78 0.980085 0.01913
778.089 0.963418 0.0179158
778.399 1.02317 0.0184135
778.709 1.00329 0.0186044
779.019 1.00665 0.0197024
779.328 0.996459 0.0208634
779.638 0.963136 0.0206006
779.947 0.940085 0.019073
780.257 0.946452 0.0172423
780.566 0.981306 0.0167316
780.875 1.00009 0.0169395
781.185 1.00693 0.0178632
781.494 0.999508 0.0184715
781.803 0.975213 0.0183635
782.112 0.966142 0.0187714
782.421 0.969949 0.0186752
782.73 0.993767 0.0185189
783.039 0.982777 0.0184502
783.348 0.962109 0.0191594
783.656 0.983709 0.0210647
783.965 0.941026 0.0208924
784.274 0.948945 0.0205302
784.582 0.988429 0.0202742
784.891 0.966102 0.0196658
785.199 0.946788 0.0195964
785.508 1.00991 0.0210356
785.816 0.976886 0.0210475
786.124 1.02373 0.0215234
786.432 0.972442 0.0196736
786.741 0.985197 0.0190703
787.049 1.00035 0.0189837
787.357 0.977747 0.0187262
787.665 0.964813 0.0185122
787.973 0.995326 0.0189864
788.281 0.997243 0.0196076
788.588 0.991312 0.0203428
788.896 0.961033 0.0212408
789.204 0.924299 0.0214852
789.511 0.944862 0.0220999
789.819 0.9258 0.0219781
790.126 0.920811 0.0220864
790.434 0.941415 0.0224978
790.741 0.994734 0.0233126
791.049 0.954714 0.0225444
791.356 0.914945 0.0226591
791.663 0.990519 0.0247782
791.97 0.90872 0.0232545
792.277 1.03034 0.0255696
792.584 0.944924 0.0227636
792.891 0.915227 0.0196911
793.198 0.947723 0.0184404
793.505 0.990287 0.0183494
793.812 0.993942 0.0185879
794.119 1.01466 0.0193379
794.425 0.98497 0.0194139
794.732 0.96696 0.0200759
795.038 1.02087 0.0228535
795.345 0.971435 0.0239802
795.651 0.925123 0.0247056
795.958 0.902825 0.0247206
796.264 0.918231 0.0239954
796.57 0.890877 0.0223091
796.876 0.942202 0.0223534
797.183 0.966077 0.0231833
797.489 0.973554 0.0241811
797.795 0.934927 0.0239163
798.101 0.965716 0.0245917
798.406 0.959204 0.024281
798.712 0.922467 0.0240969
799.018 0.97951 0.0257101
799.324 0.928017 0.0252306
799.629 0.92773 0.0254722
799.935 0.911786 0.0252978
800.24 0.962003 0.0261709
800.546 0.886388 0.0249072
800.851 0.93871 0.0267293
801.157 0.925041 0.0268972
801.462 0.906616 0.0270315
801.767 0.907157 0.0273362
802.072 0.911306 0.0263728
802.377 0.903398 0.0253739
802.682 0.9141 0.0248883
802.987 0.921478 0.0251049
803.292 0.926612 0.0265977
803.597 0.940341 0.0272324
803.902 0.964557 0.0276805
804.207 0.887805 0.0258023
804.511 0.916889 0.0257701
804.816 0.883202 0.024526
805.12 0.922678 0.0233023
805.425 0.936386 0.0220365
805.729 1.00101 0.022647
806.034 0.982761 0.0231313
806.338 0.954795 0.0236622
806.642 0.935956 0.024398
806.946 0.894091 0.0237867
807.251 0.952961 0.0245672
807.555 0.94168 0.0243308
807.859 0.94103 0.0241299
808.162 0.919076 0.023958
808.466 0.939031 0.0251626
808.77 0.937892 0.0257023
809.074 0.893612 0.0256743
809.378 0.917108 0.0265533
809.681 0.972327 0.0278648
809.985 0.962186 0.0275679
810.288 0.909186 0.0264111
810.592 0.936229 0.0277143
810.895 0.932904 0.0278222
811.198 0.863964 0.0272684
811.502 0.899871 0.0296428
811.805 0.86336 0.0285626
812.108 0.880324 0.0295278
812.411 0.904049 0.0284777
812.714 0.921512 0.0260506
813.017 0.938155 0.0248754
813.32 0.958394 0.0250882
813.623 0.93545 0.0250616
813.926 0.997521 0.0283395
814.228 0.906182 0.028116
814.531 0.918955 0.0291516
814.833 0.893108 0.029049
815.136 0.845075 0.0283185
815.438 0.890311 0.0297029
815.741 0.904242 0.0295614
816.043 0.930952 0.0295573
816.345 0.86977 0.0274979
816.648 0.909728 0.0283416
816.95 0.912717 0.0287829
817.252 0.891212 0.0291179
817.554 0.898391 0.0293084
817.856 0.879908 0.0296553
818.158 0.91247 0.030972
818.46 0.870882 0.0309619
818.761 0.912316 0.0310882
819.063 0.86864 0.030293
819.365 0.897443 0.0303829
819.666 0.867884 0.0281614
819.968 0.971799 0.0288312
820.269 0.916229 0.0268459
820.571 0.931615 0.0278116
820.872 0.953906 0.0291269
821.173 0.89142 0.0293464
821.475 0.873493 0.029649
821.776 0.851797 0.029564
822.077 0.883953 0.0302709
822.378 0.871817 0.029525
822.679 0.857658 0.0300653
822.98 0.844063 0.0303463
823.281 0.877463 0.0315355
823.581 0.881056 0.0313909
823.882 0.943209 0.0331451
824.183 0.890894 0.0313944
824.483 0.889064 0.0307217
824.784 0.839978 0.0281834
825.084 0.902785 0.0295226
825.385 0.882475 0.028729
825.685 0.947845 0.0308847
825.985 0.894742 0.0308557
826.286 0.922402 0.0311775
826.586 0.86384 0.0291419
826.886 0.903882 0.0296481
827.186 0.861639 0.0285675
827.486 0.930445 0.0308392
827.786 0.860734 0.0307109
828.086 0.910251 0.0319646
828.386 0.870214 0.0301723
828.685 0.909788 0.0308408
828.985 0.943638 0.0324873
829.285 0.920703 0.0321973
829.584 0.882122 0.0316567
829.884 0.897891 0.032938
830.183 0.802069 0.0313564
830.482 0.88359 0.0341902
830.782 0.890145 0.0346352
831.081 0.889464 0.0366273
831.38 0.884152 0.035745
831.679 0.776773 0.0311879
831.978 0.815814 0.031949
832.277 0.816133 0.0313549
832.576 0.864611 0.0326236
832.875 0.933285 0.0341583
833.174 0.859785 0.032069
833.472 0.967056 0.0352083
833.771 0.858405 0.0324416
834.07 0.885734 0.0322595
834.368 0.902163 0.0327477
834.667 0.868216 0.032786
834.965 0.905694 0.0341463
835.263 0.906479 0.0344397
835.562 0.883825 0.0336894
835.86 0.819022 0.0324863
836.158 0.88464 0.034796
836.456 0.905029 0.036915
836.754 0.793546 0.032693
837.052 0.84461 0.0346472
837.35 0.822473 0.0336751
837.648 0.854803 0.0359685
837.946 0.804074 0.0336822
838.243 0.884487 0.0362659
838.541 0.857623 0.0354869
838.839 0.783621 0.0325516
839.136 0.89849 0.0355437
839.434 0.909534 0.0356968
839.731 0.809773 0.0326473
840.028 0.991952 0.0385469
840.326 0.788943 0.0329339
840.623 0.854897 0.0352039
840.92 0.849932 0.0353061
841.217 0.880663 0.0374727
841.514 0.895177 0.0367742
841.811 0.829586 0.0348203
842.108 0.850289 0.0354423
842.405 0.817664 0.0351181
842.701 0.762926 0.032836
842.998 0.904661 0.0371106
843.295 0.81584 0.0346433
843.591 0.87838 0.0367765
843.888 0.805405 0.0351474
844.184 0.857585 0.0367751
844.481 0.874997 0.0362235
844.777 0.887419 0.0381338
845.073 0.87783 0.0373521
845.369 0.859258 0.0361017
845.665 0.894478 0.0377902
845.962 0.847835 0.0365094
846.258 0.935263 0.0390613
846.553 0.91399 0.0392755
846.849 0.883153 0.0373303
847.145 0.753742 0.0339159
847.441 0.837099 0.0362574
847.737 0.89412 0.0385633
848.032 0.854619 0.0361611
848.328 0.771284 0.0343906
848.623 0.959397 0.0420267
848.919 0.839331 0.0372155
849.214 0.813449 0.0359479
849.509 0.850767 0.0376386
849.805 0.890312 0.0375759
850.1 0.857815 0.0375563
850.395 0.858506 0.0385636
850.69 0.828638 0.0376774
850.985 0.814729 0.0355736
851.28 0.840285 0.0368489
851.575 0.821996 0.0357748
851.869 0.833349 0.0361721
852.164 0.771439 0.0342818
852.459 0.841243 0.034362
852.753 0.807522 0.0329379
853.048 0.852503 0.033114
853.342 0.878692 0.0323197
853.637 0.872313 0.0329008
853.931 0.876669 0.0329724
854.225 0.88482 0.033413
854.52 0.883614 0.0334621
854.814 0.880834 0.0343023
855.108 0.939911 0.0370184
855.402 0.847782 0.0343223
855.696 0.916101 0.0364836
855.99 0.883148 0.0355894
856.283 0.882364 0.0354115
856.577 0.864874 0.0348689
856.871 0.814221 0.0335448
857.164 0.870781 0.0356698
857.458 0.857062 0.0362645
857.751 0.797553 0.0340943
858.045 0.900423 0.0380027
858.338 0.787127 0.0340387
858.632 0.898986 0.038019
858.925 0.842793 0.0366998
859.218 0.900311 0.0381135
859.511 0.870291 0.0371077
859.804 0.86004 0.0377978
860.097 0.80296 0.0352702
860.39 0.879083 0.037955
860.683 0.853692 0.0369173
860.976 0.925862 0.039641
861.268 0.839107 0.0373516
861.561 0.864758 0.0378603
861.854 0.863904 0.0379886
862.146 0.89002 0.0389876
862.439 0.88385 0.0379804
862.731 0.850439 0.0374581
863.023 0.856957 0.0367482
863.316 0.776257 0.0355469
863.608 0.747196 0.0330751
863.9 0.921308 0.0402054
864.192 0.851517 0.0372403
864.484 0.878656 0.0385739
864.776 0.806504 0.0355426
865.068 0.920861 0.0397377
865.36 0.854472 0.0377398
865.651 0.831783 0.0372993
865.943 0.859716 0.0388408
866.235 0.780858 0.0363241
866.526 0.87198 0.0391689
866.818 0.853538 0.0384286
867.109 0.864335 0.0389593
867.4 0.827899 0.036894
867.692 0.860535 0.0377991
867.983 0.869221 0.037871
868.274 0.802454 0.0360458
868.565 0.808468 0.036589
868.856 0.840222 0.0379822
869.147 0.842228 0.0375538
869.438 0.970091 0.0423798
869.729 0.949696 0.0417611
870.02 0.900328 0.04019
870.31 0.807134 0.0379686
870.601 0.837738 0.0372696
870.892 0.907024 0.0397325
871.182 0.878587 0.0396476
871.473 0.792776 0.0365214
871.763 0.868878 0.0391868
872.053 0.915187 0.039703
872.343 0.906708 0.0389626
872.634 0.857627 0.0396045
872.924 0.938721 0.0425336
873.214 0.886684 0.0394694
873.504 0.891075 0.0399581
873.794 0.87211 0.0389965
874.084 0.790936 0.0367702
874.373 0.867979 0.0397946
874.663 0.808281 0.0370354
874.953 0.88913 0.0405231
875.242 0.972449 0.041766
875.532 0.754337 0.0357101
875.821 0.91117 0.0407198
876.111 0.87061 0.0386453
876.4 0.813177 0.0366114
876.689 0.825125 0.0370007
876.978 0.887757 0.0393186
877.268 0.924268 0.040033
877.557 0.776064 0.0366455
877.846 0.861467 0.03883
878.134 0.889844 0.0404843
878.423 0.890008 0.0404917
878.712 0.890171 0.0404992
