178.41 0.541136 0.114566
178.791 0.544562 0.115292
179.172 0.547964 0.116012
179.553 0.938823 0.938823
179.934 0.314705 0.314705
180.316 0.397613 0.397613
180.697 0.962499 0.962499
181.078 0.516116 0.516116
181.459 0.366798 0.366798
181.84 0.499943 0.499943
182.221 2.74846 2.74846
182.602 -0.475057 -0.475057
182.983 0.38146 0.078773
183.364 3.50403 0.613799
183.744 0.241755 0.0525431
184.125 0.615047 0.0708261
184.506 0.650513 0.064518
184.887 0.763641 0.0806383
185.268 0.853965 0.0750074
185.648 0.562936 0.0441346
186.029 0.514843 0.0406499
186.41 0.572112 0.0403667
186.791 0.534756 0.0363167
187.171 0.572544 0.0346038
187.552 0.60775 0.030111
187.932 0.54582 0.0260788
188.313 0.586968 0.0273616
188.694 0.510968 0.0238927
189.074 0.544383 0.0247293
189.455 0.552729 0.0242572
189.835 0.586054 0.0248275
190.216 0.534359 0.022979
190.596 0.568575 0.0233393
190.977 0.515717 0.0216829
191.357 0.556566 0.0228354
191.737 0.561101 0.0226363
192.118 0.600797 0.0237923
192.498 0.574865 0.0224196
192.878 0.584138 0.0219999
193.258 0.612616 0.0227907
193.639 0.586667 0.0223293
194.019 0.555886 0.021369
194.399 0.591806 0.0219651
194.779 0.586319 0.0218039
195.159 0.595209 0.0213478
195.54 0.571688 0.0207162
195.92 0.541201 0.0198637
196.3 0.555258 0.0201808
196.68 0.593 0.0212455
197.06 0.546967 0.0200372
197.44 0.59402 0.0205639
197.82 0.548121 0.0196234
198.2 0.583029 0.0201019
198.58 0.531289 0.0185627
198.959 0.569147 0.0191719
199.339 0.521862 0.0181708
199.719 0.535318 0.0189333
200.099 0.533498 0.0181581
200.479 0.548797 0.0183115
200.858 0.54905 0.0181106
201.238 0.54382 0.018243
201.618 0.535401 0.0177919
201.998 0.55508 0.0178553
202.377 0.518797 0.0171023
202.757 0.503108 0.0165546
203.136 0.553855 0.0175518
203.516 0.521178 0.0167844
203.896 0.498305 0.0159042
204.275 0.506672 0.0162133
204.655 0.482804 0.0155213
205.034 0.511586 0.0158961
205.414 0.492673 0.0151771
205.793 0.49376 0.0150821
206.172 0.483502 0.014711
206.552 0.486786 0.0148264
206.931 0.479993 0.0144729
207.31 0.464129 0.0140522
207.69 0.465046 0.0137372
208.069 0.481337 0.0140742
208.448 0.476833 0.0137426
208.827 0.468754 0.013516
209.207 0.454985 0.013034
209.586 0.44441 0.0126989
209.965 0.464274 0.0130125
210.344 0.44908 0.0125233
210.723 0.458865 0.0124533
211.102 0.437298 0.0119622
211.481 0.442082 0.011978
211.86 0.444478 0.0119161
212.239 0.423667 0.0113927
212.618 0.439017 0.0114777
212.997 0.441552 0.0115001
213.376 0.421629 0.0109439
213.755 0.425403 0.0108296
214.134 0.434343 0.0108927
214.513 0.424685 0.0106844
214.891 0.416633 0.010333
215.27 0.424352 0.0103534
215.649 0.410882 0.00997023
216.028 0.419797 0.0100042
216.406 0.414927 0.009791
216.785 0.416177 0.0097348
217.164 0.417458 0.00955459
217.542 0.418314 0.00940576
217.921 0.425113 0.00936844
218.3 0.418492 0.00929807
218.678 0.420029 0.00911852
219.057 0.420464 0.00902823
219.435 0.41541 0.00882768
219.814 0.417054 0.00872507
220.192 0.417264 0.00858912
220.57 0.417625 0.00846762
220.949 0.432301 0.00855693
221.327 0.42211 0.00826637
221.705 0.427465 0.00823739
222.084 0.423882 0.00806511
222.462 0.440109 0.00816987
222.84 0.44143 0.00805688
223.218 0.446386 0.00798912
223.597 0.436709 0.00774759
223.975 0.443704 0.00767412
224.353 0.441824 0.00754127
224.731 0.440528 0.00740588
225.109 0.454684 0.00747221
225.487 0.46317 0.00744737
225.865 0.463037 0.00732847
226.243 0.461848 0.00721961
226.621 0.467826 0.0071532
226.999 0.475442 0.00709334
227.377 0.477148 0.00701735
227.755 0.48028 0.00691548
228.133 0.493633 0.00692469
228.511 0.499133 0.00694109
228.889 0.501143 0.00682365
229.266 0.504082 0.00679617
229.644 0.510982 0.00670012
230.022 0.520973 0.00669222
230.4 0.521895 0.00662667
230.777 0.529452 0.00660877
231.155 0.538163 0.00658554
231.533 0.53278 0.00643879
231.91 0.535746 0.00637355
232.288 0.54741 0.00640886
232.665 0.550196 0.00634824
233.043 0.557391 0.00631632
233.42 0.570641 0.00635719
233.798 0.571278 0.00627479
234.175 0.58006 0.00626243
234.553 0.588915 0.00627707
234.93 0.583709 0.00616794
235.307 0.599604 0.00621143
235.685 0.590608 0.00608146
236.062 0.599767 0.00608634
236.439 0.607234 0.00607853
236.816 0.606828 0.00600084
237.194 0.612684 0.00597193
237.571 0.617464 0.00596082
237.948 0.624739 0.00596346
238.325 0.633887 0.00595955
238.702 0.627732 0.00587843
239.079 0.6287 0.00583207
239.456 0.637969 0.0058313
239.833 0.636558 0.00577833
240.21 0.649735 0.0058055
240.587 0.651718 0.00576877
240.964 0.646036 0.00570815
241.341 0.657428 0.00572001
241.718 0.6506 0.00564008
242.095 0.664294 0.00567574
242.472 0.666563 0.00563434
242.849 0.674144 0.00565836
243.225 0.664892 0.00554648
243.602 0.678638 0.00560434
243.979 0.682673 0.00560961
244.356 0.683285 0.00555593
244.732 0.676554 0.00547595
245.109 0.691655 0.00552578
245.486 0.685932 0.0054577
245.862 0.696308 0.00549293
246.239 0.694261 0.00544985
246.615 0.686487 0.00538455
246.992 0.694034 0.00538441
247.368 0.692913 0.00535603
247.745 0.697139 0.00534494
248.121 0.690879 0.0052674
248.497 0.7028 0.00532723
248.874 0.704755 0.00530654
249.25 0.700111 0.0052355
249.626 0.707231 0.00524357
250.003 0.705409 0.00521312
250.379 0.711535 0.00520258
250.755 0.708179 0.00516866
251.131 0.70995 0.00514632
251.507 0.710543 0.00516031
251.884 0.712394 0.00511257
252.26 0.713831 0.0051166
252.636 0.713225 0.00507416
253.012 0.710813 0.0050472
253.388 0.718708 0.00505295
253.764 0.725105 0.0050594
254.14 0.720411 0.00503292
254.516 0.720089 0.00501631
254.892 0.720368 0.00501257
255.268 0.72372 0.00500221
255.643 0.72412 0.00498954
256.019 0.713591 0.00492308
256.395 0.722996 0.0049594
256.771 0.720883 0.00492457
257.147 0.727377 0.00493562
257.522 0.723319 0.00492689
257.898 0.72947 0.00492279
258.274 0.723387 0.0048988
258.649 0.727689 0.00490114
259.025 0.72717 0.00487624
259.4 0.723238 0.00485244
259.776 0.727571 0.00486552
260.151 0.734325 0.00489347
260.527 0.733142 0.00488139
260.902 0.730815 0.00484679
261.278 0.728862 0.00483118
261.653 0.728515 0.00483253
262.028 0.731597 0.0048432
262.404 0.733591 0.00484547
262.779 0.730615 0.00481695
263.154 0.733003 0.0048119
263.53 0.730377 0.00478476
263.905 0.733267 0.00480748
264.28 0.739433 0.00483219
264.655 0.735346 0.00480598
265.03 0.7344 0.00482158
265.405 0.738539 0.00481762
265.781 0.731292 0.00477718
266.156 0.741607 0.00483143
266.531 0.735297 0.00478226
266.906 0.737157 0.00479247
267.281 0.736797 0.00476964
267.655 0.739389 0.00481377
268.03 0.733724 0.00477833
268.405 0.736813 0.00479725
268.78 0.747441 0.0048376
269.155 0.743348 0.0048009
269.53 0.736411 0.00478093
269.904 0.737092 0.00478145
270.279 0.743465 0.0048198
270.654 0.738933 0.0047815
271.029 0.737213 0.00478941
271.403 0.742196 0.00480513
271.778 0.738954 0.00478957
272.152 0.740813 0.00480256
272.527 0.740095 0.00479578
272.901 0.742581 0.00479492
273.276 0.739874 0.0047773
273.65 0.736196 0.00475355
274.025 0.742381 0.00480436
274.399 0.743609 0.00481171
274.774 0.738874 0.0047768
275.148 0.741808 0.00477744
275.522 0.739699 0.004758
275.897 0.742808 0.00478826
276.271 0.739448 0.00477993
276.645 0.743196 0.00477773
277.019 0.745721 0.0047891
277.393 0.741951 0.00476344
277.768 0.743283 0.00478625
278.142 0.740013 0.00475649
278.516 0.74616 0.00481297
278.89 0.746125 0.00479015
279.264 0.744822 0.0048011
279.638 0.743477 0.00477469
280.012 0.745253 0.00477466
280.386 0.743883 0.00479989
280.76 0.74198 0.00477582
281.133 0.742685 0.00478299
281.507 0.743435 0.0047783
281.881 0.743211 0.00477226
282.255 0.745293 0.00478965
282.629 0.746575 0.00480418
283.002 0.744593 0.00479576
283.376 0.743773 0.00479038
283.75 0.746564 0.00481233
284.123 0.748918 0.00481163
284.497 0.74415 0.00480363
284.87 0.751302 0.0048294
285.244 0.748806 0.00480561
285.618 0.75033 0.0048207
285.991 0.748147 0.00483512
286.364 0.744708 0.00483185
286.738 0.744923 0.00482294
287.111 0.741033 0.0047915
287.485 0.744295 0.00482702
287.858 0.749276 0.00485372
288.231 0.747868 0.00485863
288.605 0.752501 0.00488256
288.978 0.750203 0.00485657
289.351 0.748805 0.00487401
289.724 0.74669 0.00488586
290.097 0.748217 0.00488279
290.47 0.747914 0.00489634
290.843 0.751282 0.004903
291.217 0.751113 0.00491847
291.59 0.747735 0.00493731
291.963 0.752748 0.00494225
292.336 0.751221 0.00495043
292.708 0.748501 0.00493819
293.081 0.74714 0.00494301
293.454 0.753383 0.00497093
293.827 0.757042 0.00499897
294.2 0.752531 0.00500776
294.573 0.750896 0.00498741
294.945 0.749625 0.00501526
295.318 0.747656 0.00498459
295.691 0.753687 0.00503178
296.064 0.751508 0.00502952
296.436 0.751161 0.00503445
296.809 0.754933 0.00504922
297.181 0.75027 0.00504878
297.554 0.754 0.00507507
297.926 0.756253 0.00508227
298.299 0.75247 0.00507284
298.671 0.751704 0.00505024
299.044 0.754362 0.00508617
299.416 0.746885 0.00505196
299.788 0.746904 0.00505891
300.161 0.744683 0.00505716
300.533 0.753295 0.00508927
300.905 0.748583 0.00504878
301.278 0.745996 0.00504799
301.65 0.753937 0.00507261
302.022 0.751689 0.00508703
302.394 0.75082 0.00509354
302.766 0.74956 0.00507799
303.138 0.7539 0.00511264
303.51 0.747208 0.005055
303.882 0.750122 0.00508834
304.254 0.74811 0.0050672
304.626 0.748119 0.00506196
304.998 0.747989 0.00505721
305.37 0.74951 0.00509225
305.742 0.746245 0.00506307
306.114 0.749765 0.00508053
306.485 0.745452 0.00505569
306.857 0.743492 0.00504553
307.229 0.746496 0.00506644
307.601 0.745336 0.00507391
307.972 0.7457 0.00506981
308.344 0.743472 0.00506497
308.716 0.747988 0.00510833
309.087 0.748201 0.00508463
309.459 0.745471 0.00508793
309.83 0.752669 0.00510903
310.202 0.743266 0.00506426
310.573 0.744412 0.0050682
310.945 0.747536 0.00510063
311.316 0.743429 0.00509385
311.687 0.744415 0.00507545
312.059 0.73848 0.0050662
312.43 0.741855 0.00508395
312.801 0.740435 0.00506523
313.172 0.738152 0.00507853
313.544 0.740602 0.00508599
313.915 0.744867 0.00509461
314.286 0.742185 0.00508703
314.657 0.742207 0.00507764
315.028 0.739443 0.00507962
315.399 0.738742 0.00507981
315.77 0.742491 0.00509177
316.141 0.736482 0.00507413
316.512 0.738035 0.0050821
316.883 0.74239 0.0051223
317.254 0.744968 0.00512674
317.625 0.736911 0.00510882
317.996 0.742541 0.00511658
318.366 0.740385 0.00511865
318.737 0.741244 0.00511685
319.108 0.743068 0.00513034
319.478 0.742254 0.00514513
319.849 0.734575 0.00510251
320.22 0.743635 0.00514899
320.59 0.737957 0.00512686
320.961 0.741315 0.00515208
321.331 0.739665 0.0051344
321.702 0.743516 0.00519203
322.072 0.737464 0.00516384
322.443 0.737639 0.0051708
322.813 0.735153 0.00515002
323.184 0.737683 0.0051829
323.554 0.736457 0.00517887
323.924 0.732028 0.00515218
324.295 0.732439 0.00518101
324.665 0.736805 0.00520237
325.035 0.730821 0.00516804
325.405 0.734912 0.00519953
325.775 0.735565 0.00523408
326.145 0.734829 0.00522793
326.515 0.741513 0.0052847
326.886 0.738084 0.00527267
327.256 0.731341 0.00524948
327.626 0.735388 0.0053049
327.995 0.733219 0.00531637
328.365 0.724471 0.00529083
328.735 0.713349 0.00527194
329.105 0.70494 0.00528344
329.475 0.710775 0.00535352
329.845 0.718014 0.0053989
330.215 0.746196 0.00549138
330.584 0.762276 0.0054886
330.954 0.780788 0.00548408
331.324 0.776848 0.00534488
331.693 0.76099 0.00520733
332.063 0.753001 0.0051487
332.432 0.735766 0.00505647
332.802 0.707284 0.00495682
333.171 0.70412 0.00499189
333.541 0.704257 0.00507994
333.91 0.715085 0.00515765
334.28 0.724678 0.00523133
334.649 0.730017 0.00526379
335.018 0.728468 0.00527135
335.388 0.728097 0.00528258
335.757 0.727495 0.00527678
336.126 0.727086 0.00529562
336.495 0.730918 0.0053125
336.865 0.728466 0.00531164
337.234 0.723402 0.00532847
337.603 0.726622 0.00532527
337.972 0.728637 0.00534932
338.341 0.727401 0.00532942
338.71 0.725545 0.00533577
339.079 0.733129 0.00537054
339.448 0.720183 0.00530306
339.817 0.722906 0.00532375
340.186 0.720904 0.00532641
340.554 0.724914 0.00535655
340.923 0.723718 0.00534217
341.292 0.725598 0.00537799
341.661 0.725933 0.00536451
342.029 0.7197 0.00533558
342.398 0.725148 0.0053794
342.767 0.722534 0.00538936
343.135 0.721369 0.00535245
343.504 0.727679 0.00541289
343.872 0.71572 0.00533787
344.241 0.720438 0.00535764
344.609 0.714947 0.00535428
344.978 0.717179 0.00536891
345.346 0.717374 0.00535447
345.715 0.721606 0.0053911
346.083 0.717132 0.0053728
346.451 0.721171 0.00540598
346.82 0.715352 0.00537933
347.188 0.721309 0.0053961
347.556 0.711347 0.00537624
347.924 0.711713 0.00535062
348.292 0.726488 0.00547686
348.66 0.719767 0.00543719
349.028 0.715637 0.005406
349.396 0.717779 0.00542362
349.764 0.714588 0.00540784
350.132 0.717744 0.00544941
350.5 0.709532 0.00539753
350.868 0.725686 0.00549611
351.236 0.721587 0.00546839
351.604 0.719308 0.00547794
351.972 0.721677 0.00549495
352.34 0.714588 0.00546682
352.707 0.717381 0.00547947
353.075 0.711014 0.00544271
353.443 0.712187 0.00546572
353.81 0.710605 0.00548169
354.178 0.711418 0.00548587
354.545 0.705923 0.00544414
354.913 0.710691 0.00548082
355.28 0.703529 0.00544349
355.648 0.71253 0.00549016
356.015 0.715823 0.00552137
356.383 0.712788 0.00550016
356.75 0.70965 0.00550704
357.117 0.703774 0.00548216
357.485 0.707958 0.00551799
357.852 0.704835 0.00550085
358.219 0.712089 0.00553522
358.586 0.707183 0.00551104
358.954 0.705863 0.00551479
359.321 0.703364 0.00550895
359.688 0.708565 0.00554733
360.055 0.705104 0.00552367
360.422 0.705201 0.00551772
360.789 0.706947 0.00555045
361.156 0.707415 0.0055509
361.523 0.711535 0.00558869
361.89 0.707892 0.00557485
362.256 0.701064 0.00551235
362.623 0.708757 0.00558768
362.99 0.71573 0.00563762
363.357 0.705819 0.00559156
363.724 0.702613 0.00557094
364.09 0.709841 0.00560843
364.457 0.706616 0.00562086
364.823 0.705253 0.00557762
365.19 0.698169 0.00554532
365.557 0.707992 0.00560721
365.923 0.706347 0.00560142
366.29 0.706477 0.00560893
366.656 0.705188 0.00561083
367.022 0.698452 0.00555513
367.389 0.708957 0.00563348
367.755 0.704729 0.00560576
368.121 0.700952 0.0056222
368.488 0.70257 0.00562101
368.854 0.700392 0.00561449
369.22 0.706396 0.0056805
369.586 0.706442 0.00569425
369.952 0.697506 0.00566699
370.318 0.699041 0.00569098
370.684 0.704825 0.00573174
371.051 0.701502 0.00570781
371.416 0.700777 0.00573451
371.782 0.699683 0.00571168
372.148 0.698862 0.00571989
372.514 0.69751 0.00573829
372.88 0.697338 0.00573069
373.246 0.703136 0.00577213
373.612 0.695294 0.00572799
373.977 0.691938 0.00569341
374.343 0.696623 0.00570862
374.709 0.696928 0.00569135
375.074 0.698245 0.00571799
375.44 0.697726 0.00572954
375.806 0.695995 0.00575091
376.171 0.700266 0.0057635
376.537 0.695995 0.00572612
376.902 0.695648 0.00575
377.268 0.69818 0.00573771
377.633 0.693411 0.00570582
377.998 0.69019 0.00565202
378.364 0.691666 0.00563782
378.729 0.692665 0.00563173
379.094 0.702953 0.00569296
379.459 0.700972 0.00575417
379.825 0.694967 0.00572946
380.19 0.691515 0.00571807
380.555 0.692523 0.00577337
380.92 0.69184 0.00581488
381.285 0.69288 0.00584501
381.65 0.688741 0.00579354
382.015 0.689111 0.00577202
382.38 0.69327 0.00581614
382.745 0.693875 0.00586552
383.11 0.687547 0.00582819
383.474 0.690199 0.00584165
383.839 0.682256 0.00580686
384.204 0.698215 0.00590168
384.569 0.689331 0.00586082
384.933 0.693747 0.00589134
385.298 0.684003 0.00589007
385.663 0.69079 0.00593167
386.027 0.682846 0.00585957
386.392 0.682658 0.00583957
386.756 0.68381 0.00580695
387.121 0.686985 0.00582667
387.485 0.682744 0.00576146
387.849 0.682797 0.00572495
388.214 0.690189 0.00583676
388.578 0.689566 0.00583379
388.942 0.686952 0.00589122
389.307 0.688416 0.00586941
389.671 0.687343 0.0058986
390.035 0.682033 0.00584376
390.399 0.68394 0.00585387
390.763 0.679579 0.00580517
391.127 0.673882 0.00573715
391.492 0.674227 0.00567818
391.856 0.677598 0.00564287
392.219 0.678967 0.00557354
392.583 0.685059 0.00563757
392.947 0.695621 0.00576601
393.311 0.683764 0.00578999
393.675 0.685402 0.00582257
394.039 0.681004 0.00581894
394.403 0.68592 0.00586179
394.766 0.685908 0.00589979
395.13 0.682983 0.00589158
395.494 0.677395 0.00585936
395.857 0.678725 0.00586152
396.221 0.674727 0.00581581
396.584 0.669797 0.00575758
396.948 0.669757 0.00569677
397.311 0.667734 0.0056016
397.675 0.677927 0.00561041
398.038 0.674033 0.00557713
398.401 0.686197 0.00570364
398.765 0.684376 0.0057813
399.128 0.688828 0.00588578
399.491 0.680079 0.00588765
399.854 0.67569 0.00589167
400.218 0.670634 0.00585776
400.581 0.683409 0.00597519
400.944 0.67448 0.00592815
401.307 0.683755 0.00606912
401.67 0.676427 0.00602068
402.033 0.673585 0.0060128
402.396 0.670136 0.00600228
402.759 0.675214 0.00602263
403.122 0.671222 0.00599869
403.485 0.677833 0.0060187
403.847 0.669581 0.00594578
404.21 0.670237 0.00592047
404.573 0.672807 0.00590772
404.936 0.664106 0.00581647
405.298 0.676953 0.00594781
405.661 0.679949 0.00604914
406.023 0.671953 0.00608271
406.386 0.674228 0.00610734
406.749 0.676298 0.00617111
407.111 0.68112 0.00622375
407.473 0.660308 0.00604302
407.836 0.670449 0.00603849
408.198 0.677142 0.0060544
408.561 0.672403 0.00603467
408.923 0.665779 0.00598347
409.285 0.664424 0.00596924
409.647 0.680291 0.00612901
410.009 0.674905 0.00616086
410.372 0.666867 0.00612342
410.734 0.667509 0.0061572
411.096 0.675693 0.00619103
411.458 0.671062 0.00617221
411.82 0.663406 0.00609502
412.182 0.658334 0.00601073
412.544 0.664552 0.00606303
412.906 0.669433 0.00608447
413.267 0.672601 0.00608644
413.629 0.670187 0.0061381
413.991 0.669625 0.00616863
414.353 0.673518 0.00619493
414.714 0.677913 0.006296
415.076 0.669344 0.00623605
415.438 0.666585 0.00621691
415.799 0.661378 0.00615696
416.161 0.664306 0.00623007
416.522 0.66962 0.00629395
416.884 0.668616 0.00629115
417.245 0.672912 0.00632263
417.607 0.667112 0.00628504
417.968 0.66828 0.00631413
418.329 0.657277 0.00621679
418.691 0.658176 0.00622699
419.052 0.665306 0.00625103
419.413 0.666612 0.00624349
419.774 0.655482 0.00614993
420.135 0.651053 0.00601123
420.497 0.646842 0.00589552
420.858 0.65631 0.00585601
421.219 0.667915 0.00589211
421.58 0.672098 0.00595904
421.941 0.668009 0.00601356
422.302 0.670196 0.0061477
422.662 0.670732 0.00618267
423.023 0.666272 0.00619533
423.384 0.662449 0.00620203
423.745 0.660277 0.00617073
424.106 0.659218 0.0061663
424.466 0.660969 0.00612382
424.827 0.667986 0.00620597
425.187 0.667693 0.00632523
425.548 0.669541 0.00641239
425.909 0.665313 0.00641272
426.269 0.648793 0.00629049
426.63 0.657701 0.0063099
426.99 0.655329 0.00622428
427.35 0.656761 0.00625755
427.711 0.657771 0.00625824
428.071 0.650614 0.00616582
428.431 0.642155 0.00602731
428.792 0.642226 0.00583768
429.152 0.648569 0.00569291
429.512 0.659436 0.00570615
429.872 0.666228 0.00574855
430.232 0.663577 0.00579523
430.592 0.679825 0.00603758
430.952 0.674816 0.00619457
431.312 0.661976 0.00627106
431.672 0.660527 0.00639203
432.032 0.655735 0.00637491
432.392 0.657403 0.00633618
432.752 0.623224 0.00589122
433.111 0.642655 0.00580552
433.471 0.661791 0.00592262
433.831 0.68535 0.00627034
434.19 0.660516 0.00617816
434.55 0.651481 0.00612497
434.91 0.664094 0.0062672
435.269 0.654652 0.00616849
435.629 0.649095 0.00611283
435.988 0.658737 0.00613642
436.348 0.663054 0.00619381
436.707 0.66214 0.00630198
437.066 0.650388 0.00625321
437.426 0.654222 0.0062394
437.785 0.650878 0.00618371
438.144 0.654182 0.00618836
438.503 0.665342 0.00630008
438.862 0.661077 0.00630129
439.222 0.652354 0.00628989
439.581 0.650729 0.00633954
439.94 0.653615 0.00633088
440.299 0.6365 0.0060311
440.658 0.631463 0.00580266
441.017 0.646301 0.00584688
441.376 0.659195 0.00595567
441.734 0.657417 0.00602767
442.093 0.648343 0.00600318
442.452 0.639298 0.00592329
442.811 0.638856 0.00587436
443.169 0.655694 0.00596907
443.528 0.657428 0.00606538
443.887 0.651636 0.00606335
444.245 0.650398 0.00605914
444.604 0.65417 0.0061573
444.962 0.654014 0.00619832
445.321 0.648281 0.00616073
445.679 0.640122 0.00609607
446.038 0.647193 0.00610205
446.396 0.651783 0.00618366
446.754 0.651 0.00627342
447.112 0.65137 0.00629307
447.471 0.650695 0.00634843
447.829 0.645373 0.00634944
448.187 0.634215 0.00627151
448.545 0.649074 0.00633522
448.903 0.651509 0.00635992
449.261 0.646937 0.00635526
449.619 0.654119 0.0064393
449.977 0.650325 0.00643467
450.335 0.652186 0.00651234
450.693 0.647901 0.00652117
451.051 0.649011 0.0065473
451.409 0.639871 0.00647981
451.766 0.655362 0.00660741
452.124 0.655067 0.00667987
452.482 0.646897 0.00668734
452.839 0.648205 0.00673762
453.197 0.655871 0.00685939
453.555 0.648507 0.00683203
453.912 0.655325 0.00690721
454.27 0.633584 0.00664298
454.627 0.642473 0.00663633
454.984 0.645309 0.0066163
455.342 0.656338 0.00676898
455.699 0.639612 0.00673966
456.056 0.640852 0.00675873
456.414 0.634844 0.0066393
456.771 0.634642 0.00656987
457.128 0.6382 0.00654412
457.485 0.632708 0.00644706
457.842 0.650417 0.00657573
458.199 0.651433 0.0065936
458.556 0.6452 0.00650056
458.913 0.637382 0.0064809
459.27 0.644799 0.00646452
459.627 0.650133 0.00655248
459.984 0.637007 0.00646015
460.341 0.64985 0.00654112
460.697 0.651506 0.00661732
461.054 0.671106 0.00687838
461.411 0.657738 0.00695801
461.767 0.648815 0.00699566
462.124 0.641233 0.00699672
462.481 0.633142 0.00684439
462.837 0.633621 0.00675398
463.194 0.63921 0.00663253
463.55 0.637104 0.00665693
463.907 0.62522 0.00643802
464.263 0.635119 0.00639717
464.619 0.632811 0.00628833
464.976 0.634828 0.00618343
465.332 0.645631 0.00621683
465.688 0.656447 0.0063823
466.044 0.661098 0.00666351
466.4 0.653838 0.00677868
466.756 0.644692 0.00678873
467.112 0.637322 0.00672729
467.468 0.649248 0.00682152
467.824 0.638989 0.00675694
468.18 0.649449 0.00692797
468.536 0.650755 0.00696962
468.892 0.645612 0.00701172
469.248 0.641102 0.00701936
469.604 0.639355 0.00707003
469.959 0.643773 0.00712568
470.315 0.642486 0.00708245
470.671 0.627527 0.00700813
471.026 0.631576 0.00697604
471.382 0.635441 0.00694166
471.737 0.637027 0.00688119
472.093 0.629769 0.00674986
472.448 0.626028 0.00663117
472.804 0.625964 0.00651805
473.159 0.641077 0.00656813
473.514 0.645551 0.00659746
473.87 0.628126 0.00644344
474.225 0.620679 0.00623136
474.58 0.617198 0.0060772
474.935 0.643704 0.00621281
475.29 0.6415 0.0062827
475.645 0.636132 0.00629739
476 0.634034 0.00628812
476.355 0.644993 0.00640341
476.71 0.635035 0.00637138
477.065 0.627747 0.00620941
477.42 0.621538 0.00603882
477.775 0.636778 0.00612279
478.13 0.632251 0.00610603
478.485 0.629923 0.00609035
478.839 0.628878 0.00604924
479.194 0.621772 0.00586462
479.549 0.62186 0.0057407
479.903 0.63576 0.00581357
480.258 0.646606 0.00595274
480.612 0.626644 0.0057633
480.967 0.623626 0.00563536
481.321 0.630114 0.00563164
481.675 0.647179 0.00580981
482.03 0.646157 0.00592468
482.384 0.632972 0.00589085
482.738 0.624527 0.00581966
483.093 0.628073 0.00581361
483.447 0.61287 0.00560047
483.801 0.611432 0.00545132
484.155 0.625367 0.00542984
484.509 0.5639 0.00479023
484.863 0.444606 0.00285603
485.217 0.568069 0.00283019
485.571 0.66237 0.00302326
485.925 0.826178 0.00411338
486.279 0.734922 0.00462285
486.632 0.647266 0.00473816
486.986 0.661891 0.00520139
487.34 0.656323 0.00556301
487.694 0.647684 0.00572282
488.047 0.63252 0.00572233
488.401 0.631125 0.00570935
488.754 0.630575 0.00574256
489.108 0.636579 0.00584942
489.461 0.633167 0.00589344
489.815 0.635815 0.00597488
490.168 0.625477 0.00585615
490.522 0.630552 0.00586024
490.875 0.632646 0.00587764
491.228 0.637354 0.00592877
491.581 0.620097 0.00581171
491.935 0.633601 0.00589037
492.288 0.627835 0.0058824
492.641 0.625489 0.005838
492.994 0.620296 0.00579722
493.347 0.62419 0.00577992
493.7 0.626401 0.00575971
494.053 0.629972 0.00579502
494.406 0.636545 0.00590215
494.759 0.636052 0.00603732
495.111 0.606631 0.00575622
495.464 0.603415 0.0054966
495.817 0.608529 0.00536131
496.169 0.650426 0.00569446
496.522 0.659683 0.00595873
496.875 0.642361 0.00610139
497.227 0.620629 0.00604148
497.58 0.620555 0.00607936
497.932 0.621806 0.00603302
498.285 0.621978 0.00599149
498.637 0.616105 0.00582512
498.989 0.619455 0.00575673
499.342 0.633516 0.00582451
499.694 0.635031 0.00594876
500.046 0.634435 0.00605223
500.398 0.607164 0.00577967
500.751 0.613477 0.00570941
501.103 0.622162 0.0057644
501.455 0.627725 0.00577868
501.807 0.620933 0.00575727
502.159 0.622583 0.00576555
502.511 0.62208 0.00577255
502.862 0.624404 0.00579613
503.214 0.630201 0.00589736
503.566 0.632773 0.00601666
503.918 0.628754 0.0060766
504.27 0.615649 0.00599619
504.621 0.624579 0.00604415
504.973 0.626603 0.00611308
505.324 0.621768 0.00606856
505.676 0.611718 0.00591336
506.027 0.621642 0.00593363
506.379 0.643151 0.00622596
506.73 0.633126 0.00631253
507.082 0.613093 0.00615663
507.433 0.610295 0.00605254
507.784 0.623997 0.00607808
508.136 0.63532 0.00621155
508.487 0.624482 0.00618547
508.838 0.626397 0.00628164
509.189 0.619735 0.00625213
509.54 0.611517 0.00613969
509.891 0.634249 0.00631779
510.242 0.617043 0.0062109
510.593 0.622479 0.00627997
510.944 0.624551 0.00633617
511.295 0.629923 0.00645855
511.646 0.634003 0.00659165
511.996 0.617912 0.00647316
512.347 0.617702 0.00642378
512.698 0.622661 0.00643504
513.049 0.622301 0.00644567
513.399 0.626206 0.00655561
513.75 0.615182 0.00646783
514.1 0.625653 0.0065811
514.451 0.633026 0.00678961
514.801 0.627692 0.00681127
515.152 0.608657 0.00662149
515.502 0.607563 0.0064951
515.852 0.613263 0.00646758
516.202 0.616238 0.00648004
516.553 0.632643 0.00663913
516.903 0.62726 0.00670904
517.253 0.626769 0.00681832
517.603 0.621977 0.00683742
517.953 0.61219 0.00670843
518.303 0.607987 0.00657643
518.653 0.611245 0.00649454
519.003 0.630615 0.00665535
519.353 0.648688 0.00696836
519.703 0.638074 0.00711509
520.052 0.622897 0.00704099
520.402 0.618673 0.00699953
520.752 0.622424 0.00694394
521.102 0.621304 0.00696283
521.451 0.636461 0.0071554
521.801 0.614429 0.0070114
522.15 0.614603 0.00696697
522.5 0.615139 0.0068852
522.849 0.626958 0.00696956
523.199 0.618116 0.00682976
523.548 0.61558 0.00679873
523.897 0.616982 0.00679339
524.246 0.63142 0.00701218
524.596 0.631931 0.00713031
524.945 0.620449 0.00701635
525.294 0.622989 0.00702384
525.643 0.616952 0.00699687
525.992 0.615125 0.00697102
526.341 0.617137 0.00692791
526.69 0.620988 0.00701988
527.039 0.629859 0.00713251
527.388 0.621059 0.00712416
527.737 0.598086 0.00680576
528.086 0.603846 0.00662402
528.434 0.612142 0.00653096
528.783 0.632312 0.00672249
529.132 0.633112 0.00686632
529.48 0.624519 0.00693243
529.829 0.623853 0.00700261
530.177 0.622937 0.00704168
530.526 0.626132 0.0071067
530.874 0.61365 0.00696292
531.223 0.61979 0.00698269
531.571 0.611592 0.0069333
531.919 0.620551 0.00700261
532.268 0.595198 0.00668031
532.616 0.599463 0.00648012
532.964 0.613335 0.00642868
533.312 0.629033 0.00652729
533.66 0.625627 0.006508
534.008 0.615207 0.00643139
534.356 0.616991 0.00643054
534.704 0.624784 0.00653556
535.052 0.617169 0.00655481
535.4 0.628892 0.00675632
535.748 0.629028 0.0069389
536.095 0.635582 0.00715304
536.443 0.616849 0.00707952
536.791 0.602746 0.0068851
537.139 0.602181 0.00671094
537.486 0.605726 0.00659385
537.834 0.613765 0.00656742
538.181 0.607928 0.00651055
538.529 0.613745 0.00654288
538.876 0.618364 0.00658036
539.223 0.628207 0.00670335
539.571 0.625089 0.00682857
539.918 0.610249 0.00674283
540.265 0.600801 0.00657565
540.613 0.612348 0.00654201
540.96 0.619824 0.00662677
541.307 0.611301 0.0066033
541.654 0.618445 0.00668329
542.001 0.610126 0.0065916
542.348 0.608592 0.00659557
542.695 0.607519 0.0065976
543.042 0.606805 0.00649872
543.388 0.604556 0.0064175
543.735 0.614124 0.00643949
544.082 0.610836 0.00642268
544.429 0.619668 0.00647547
544.775 0.623593 0.00662941
545.122 0.630315 0.006859
545.469 0.622725 0.0069563
545.815 0.601054 0.00682596
546.162 0.608669 0.00681901
546.508 0.590913 0.00657815
546.854 0.60094 0.00645564
547.201 0.588385 0.00610381
547.547 0.616801 0.00618525
547.893 0.617921 0.00628618
548.24 0.63811 0.00666876
548.586 0.634007 0.00701379
548.932 0.618763 0.0070292
549.278 0.614848 0.00708535
549.624 0.606441 0.00694338
549.97 0.621176 0.00710384
550.316 0.627015 0.00729523
550.662 0.604962 0.0072163
551.008 0.586525 0.00687124
551.353 0.593731 0.00652447
551.699 0.605031 0.0063393
552.045 0.639473 0.00665444
552.391 0.619241 0.00672162
552.736 0.610302 0.00671014
553.082 0.601766 0.00668908
553.427 0.623944 0.00688717
553.773 0.632155 0.00717194
554.118 0.612009 0.00713201
554.464 0.592811 0.00683164
554.809 0.59018 0.0065736
555.154 0.611404 0.00653192
555.5 0.620007 0.00662266
555.845 0.634003 0.00688732
556.19 0.605468 0.00688558
556.535 0.618635 0.00715608
556.88 0.602706 0.00700793
557.225 0.614697 0.00702903
557.57 0.61915 0.00713566
557.915 0.628044 0.00740434
558.26 0.609854 0.00737448
558.605 0.609329 0.00739634
558.95 0.594849 0.00719001
559.295 0.58901 0.00680531
559.639 0.598842 0.00657466
559.984 0.59779 0.00634051
560.329 0.61132 0.00633927
560.673 0.61376 0.00636757
561.018 0.620194 0.00655649
561.362 0.615471 0.00668334
561.707 0.608411 0.0068199
562.051 0.596697 0.00669735
562.395 0.600515 0.00669303
562.74 0.603075 0.00655555
563.084 0.603243 0.00645406
563.428 0.594947 0.00626526
563.772 0.612041 0.00638126
564.117 0.600486 0.00627662
564.461 0.608224 0.00628704
564.805 0.610708 0.00636737
565.149 0.600709 0.00629099
565.493 0.607539 0.00630792
565.836 0.59402 0.00614867
566.18 0.596937 0.00609248
566.524 0.571507 0.0056009
566.868 0.597399 0.00553016
567.212 0.597631 0.00542667
567.555 0.591483 0.00533284
567.899 0.575185 0.00505102
568.242 0.587092 0.00488612
568.586 0.570515 0.00453567
568.929 0.575353 0.00426134
569.273 0.586979 0.00405195
569.616 0.602332 0.00405331
569.96 0.588089 0.0039536
570.303 0.582684 0.00381728
570.646 0.595908 0.00380153
570.989 0.58572 0.00366573
571.333 0.604738 0.00372219
571.676 0.610862 0.0038494
572.019 0.621654 0.00420802
572.362 0.55573 0.00386421
572.705 0.563791 0.0036119
573.048 0.585038 0.00347616
573.391 0.588487 0.00337366
573.733 0.594931 0.00331653
574.076 0.586571 0.00325676
574.419 0.611171 0.00337465
574.762 0.60558 0.00353663
575.104 0.616143 0.0038008
575.447 0.567999 0.00370748
575.789 0.56794 0.00351242
576.132 0.581793 0.00331874
576.474 0.595698 0.00333717
576.817 0.569595 0.00303853
577.159 0.590646 0.00291916
577.501 0.626747 0.00296948
577.844 0.636853 0.00315713
578.186 0.625411 0.00348778
578.528 0.576122 0.00355569
578.87 0.582996 0.0035966
579.212 0.574485 0.00349818
579.554 0.590627 0.0034017
579.896 0.597657 0.00344734
580.238 0.569049 0.00324617
580.58 0.556369 0.00281686
580.922 0.639295 0.0029045
581.264 0.71118 0.00306337
581.606 0.651006 0.00294949
581.947 0.618445 0.00304029
582.289 0.620111 0.00334657
582.631 0.609574 0.00368818
582.972 0.590493 0.00390786
583.314 0.572473 0.00386425
583.655 0.579736 0.00380773
583.997 0.561712 0.00345447
584.338 0.580827 0.00323506
584.679 0.588494 0.00310721
585.021 0.617601 0.00320665
585.362 0.613599 0.00342086
585.703 0.606646 0.00365534
586.044 0.560267 0.00360966
586.385 0.565709 0.00345053
586.726 0.580965 0.00332519
587.067 0.62247 0.00350604
587.408 0.607396 0.00366634
587.749 0.599404 0.00381379
588.09 0.594765 0.00396605
588.431 0.60651 0.00421075
588.772 0.594225 0.00438661
589.113 0.575043 0.00427063
589.453 0.597306 0.00433208
589.794 0.609071 0.00446541
590.134 0.604408 0.00467074
590.475 0.586231 0.00474868
590.815 0.577807 0.0047047
591.156 0.597466 0.00477502
591.496 0.575844 0.00464375
591.837 0.53904 0.00389714
592.177 0.575349 0.00363833
592.517 0.599422 0.00348257
592.857 0.619122 0.00367472
593.198 0.604871 0.00384548
593.538 0.612002 0.004242
593.878 0.57596 0.00433391
594.218 0.561753 0.00419523
594.558 0.583396 0.00408957
594.898 0.606147 0.00422473
595.237 0.614033 0.00447525
595.577 0.5958 0.0047074
595.917 0.587944 0.00494714
596.257 0.566408 0.00474825
596.596 0.57899 0.00466912
596.936 0.59752 0.00459529
597.276 0.602522 0.00478735
597.615 0.577233 0.00468497
597.955 0.538609 0.00406481
598.294 0.590872 0.00390706
598.633 0.604422 0.00390806
598.973 0.60636 0.00406352
599.312 0.574723 0.00397694
599.651 0.591857 0.00402795
599.991 0.598811 0.00415838
600.33 0.590594 0.00417395
600.669 0.596072 0.00431905
601.008 0.596751 0.00445072
601.347 0.591284 0.00461667
601.686 0.571612 0.00445367
602.025 0.598967 0.0045582
602.364 0.571413 0.00427313
602.702 0.596444 0.00428387
603.041 0.594612 0.00425635
603.38 0.600967 0.0044368
603.719 0.593014 0.00462871
604.057 0.586681 0.00476862
604.396 0.5748 0.00472416
604.734 0.568291 0.00458537
605.073 0.574973 0.00421241
605.411 0.609648 0.0043397
605.75 0.601785 0.0043978
606.088 0.593402 0.00464093
606.426 0.571249 0.00450013
606.764 0.584653 0.00447601
607.103 0.60308 0.00460237
607.441 0.589509 0.00475249
607.779 0.588802 0.00488603
608.117 0.58355 0.00484037
608.455 0.604867 0.00507127
608.793 0.58183 0.00510987
609.131 0.561611 0.00475009
609.469 0.591107 0.00469496
609.806 0.603186 0.00472534
610.144 0.608679 0.00509395
610.482 0.571751 0.00508191
610.819 0.587804 0.00512261
611.157 0.593465 0.00516497
611.495 0.604041 0.00537929
611.832 0.588796 0.00537357
612.17 0.579955 0.00529489
612.507 0.588142 0.00526161
612.844 0.595959 0.00533853
613.182 0.587495 0.00532876
613.519 0.58112 0.00526963
613.856 0.588663 0.00526967
614.193 0.581696 0.00522049
614.53 0.583974 0.00510688
614.867 0.590388 0.00506459
615.205 0.609788 0.00541012
615.541 0.58742 0.00547629
615.878 0.576255 0.0056832
616.215 0.576076 0.00568907
616.552 0.587811 0.00577599
616.889 0.580055 0.00565266
617.226 0.590003 0.00559715
617.562 0.595843 0.00572435
617.899 0.606017 0.0061214
618.235 0.58783 0.00636573
618.572 0.586729 0.0066368
618.908 0.573403 0.00644033
619.245 0.580269 0.006194
619.581 0.597964 0.00612081
619.918 0.621976 0.00658349
620.254 0.613165 0.00737554
620.59 0.560665 0.00737078
620.926 0.560023 0.00697178
621.262 0.588822 0.0067567
621.599 0.61252 0.00676492
621.935 0.574946 0.00658369
622.271 0.586561 0.00640689
622.606 0.591605 0.00624293
622.942 0.612993 0.00643237
623.278 0.596896 0.00659425
623.614 0.553914 0.00610954
623.95 0.596914 0.00624086
624.285 0.592677 0.00629066
624.621 0.61183 0.00672884
624.957 0.586178 0.00683026
625.292 0.589501 0.0070024
625.628 0.599224 0.00733331
625.963 0.581753 0.00731935
626.299 0.578742 0.00717061
626.634 0.586738 0.00709441
626.969 0.614796 0.00734622
627.304 0.626596 0.00789808
627.64 0.589798 0.00827282
627.975 0.572701 0.00818993
628.31 0.562413 0.00773602
628.645 0.60391 0.00769963
628.98 0.613645 0.00789299
629.315 0.590728 0.00784385
629.65 0.575523 0.00781789
629.985 0.58255 0.00787319
630.319 0.619271 0.00844298
630.654 0.579579 0.00831341
630.989 0.59891 0.0083971
631.323 0.605482 0.00860742
631.658 0.606732 0.00886657
631.993 0.599678 0.0092242
632.327 0.588808 0.00922196
632.662 0.596503 0.00926288
632.996 0.597052 0.00914239
633.33 0.610053 0.00915622
633.665 0.615427 0.00935587
633.999 0.593532 0.00944073
634.333 0.589075 0.00952816
634.667 0.61374 0.00973217
635.001 0.592136 0.00928952
635.335 0.573485 0.00886334
635.669 0.576778 0.00852888
636.003 0.606238 0.00874813
636.337 0.602892 0.00906749
636.671 0.593279 0.00943606
637.005 0.591362 0.00981622
637.339 0.585073 0.00979673
637.672 0.584683 0.0095402
638.006 0.604621 0.00945206
638.339 0.611567 0.00948752
638.673 0.620061 0.00988512
639.006 0.599383 0.00995086
639.34 0.59052 0.00997987
639.673 0.59973 0.0101561
640.007 0.605633 0.0102202
640.34 0.605846 0.0103188
640.673 0.609646 0.0105745
641.006 0.617689 0.0107565
641.34 0.62112 0.0108705
641.673 0.6073 0.0110091
642.006 0.60532 0.0111966
642.339 0.599756 0.0110163
642.672 0.608527 0.0109977
643.004 0.608469 0.0110442
643.337 0.619545 0.0113829
643.67 0.586955 0.0111846
644.003 0.604748 0.0111598
644.336 0.616627 0.0113367
644.668 0.600332 0.0112177
645.001 0.619741 0.0115373
645.333 0.618014 0.0116926
645.666 0.608513 0.0119319
645.998 0.631072 0.0124551
646.331 0.591542 0.012064
646.663 0.611003 0.0122433
646.995 0.56363 0.0111794
647.327 0.592111 0.0107126
647.66 0.597778 0.00999497
647.992 0.604411 0.00978804
648.324 0.598978 0.00965683
648.656 0.599115 0.00977994
648.988 0.612295 0.0102051
649.32 0.604532 0.0107129
649.652 0.597823 0.0112895
649.983 0.583614 0.011451
650.315 0.606108 0.0118409
650.647 0.584859 0.0114378
650.979 0.592898 0.0110323
651.31 0.589371 0.0105929
651.642 0.593842 0.0102449
651.973 0.589468 0.010172
652.305 0.603276 0.0102831
652.636 0.598472 0.0102906
652.967 0.600873 0.010599
653.299 0.581376 0.0106102
653.63 0.57043 0.0105601
653.961 0.560077 0.00996291
654.292 0.507638 0.00792807
654.623 0.289864 0.00248552
654.955 0.900703 0.00343456
655.286 0.900648 0.00343435
655.616 0.900592 0.00343413
655.947 0.900535 0.00343391
656.278 0.900477 0.00343369
656.609 0.430964 0.00237537
656.94 0.402848 0.00288822
657.27 0.422343 0.00350404
657.601 0.494756 0.00434599
657.932 0.587522 0.00563266
658.262 0.647346 0.00721778
658.593 0.680528 0.00903326
658.923 0.681221 0.0108044
659.254 0.637933 0.0116466
659.584 0.629936 0.0124327
659.914 0.61801 0.012884
660.244 0.615805 0.0132993
660.575 0.608779 0.0133052
660.905 0.619774 0.0134268
661.235 0.622097 0.0132748
661.565 0.597978 0.0128612
661.895 0.613828 0.0129971
662.225 0.619829 0.0132482
662.555 0.619094 0.0133565
662.884 0.620095 0.0133574
663.214 0.606278 0.0129569
663.544 0.626538 0.0129948
663.873 0.617306 0.0128802
664.203 0.595703 0.0122708
664.533 0.624698 0.0124667
664.862 0.635486 0.0123914
665.192 0.629278 0.0125498
665.521 0.620124 0.0130066
665.85 0.628177 0.0136623
666.18 0.619897 0.0140756
666.509 0.596778 0.0137574
666.838 0.612295 0.0138751
667.167 0.624454 0.01378
667.496 0.643282 0.0140612
667.825 0.621413 0.0137483
668.154 0.612491 0.0136913
668.483 0.617449 0.0137696
668.812 0.628082 0.0135873
669.141 0.618553 0.0133656
669.47 0.607901 0.0129311
669.798 0.614822 0.0130997
670.127 0.624097 0.0135099
670.456 0.565951 0.0123496
670.784 0.591977 0.0113809
671.113 0.590768 0.010368
671.441 0.60191 0.00976216
671.77 0.617567 0.00993901
672.098 0.613782 0.0102657
672.426 0.627936 0.0113699
672.755 0.571487 0.0116203
673.083 0.586911 0.0121426
673.411 0.591998 0.0122945
673.739 0.632849 0.0127937
674.067 0.606058 0.0129163
674.395 0.621523 0.0134072
674.723 0.59345 0.0127345
675.051 0.618679 0.0128594
675.379 0.637749 0.0131031
675.706 0.623366 0.0129382
676.034 0.615117 0.013111
676.362 0.613995 0.0133312
676.689 0.568471 0.0121782
677.017 0.585417 0.0114439
677.344 0.615769 0.0112317
677.672 0.622701 0.0113148
677.999 0.605915 0.0115
678.327 0.593395 0.0111982
678.654 0.57799 0.0104693
678.981 0.595195 0.0103272
679.308 0.610941 0.0104072
679.636 0.604276 0.0107333
679.963 0.599946 0.0112202
680.29 0.571136 0.0112758
680.617 0.592508 0.0112814
680.944 0.596628 0.0111006
681.271 0.610036 0.0112732
681.597 0.602658 0.0118574
681.924 0.604798 0.0126975
682.251 0.582277 0.0127855
682.578 0.587073 0.0122657
682.904 0.598663 0.0116019
683.231 0.590531 0.0109977
683.557 0.603289 0.0108115
683.884 0.596217 0.0105089
684.21 0.594154 0.0101624
684.536 0.577737 0.00967464
684.863 0.605069 0.0097806
685.189 0.590961 0.0096954
685.515 0.59948 0.0101918
685.841 0.582178 0.0104571
686.167 0.573544 0.0105358
686.493 0.578721 0.0103421
686.819 0.601074 0.0105972
687.145 0.616116 0.0111011
687.471 0.615594 0.0118846
687.797 0.588638 0.0122102
688.123 0.581059 0.0120229
688.448 0.581234 0.0118388
688.774 0.591965 0.0114792
689.1 0.616931 0.0118413
689.425 0.618402 0.0122765
689.751 0.592836 0.0122651
690.076 0.57241 0.0116377
690.402 0.573843 0.0108495
690.727 0.596514 0.0106685
691.052 0.625593 0.0110492
691.377 0.6119 0.0113289
691.703 0.595448 0.0114035
692.028 0.607891 0.0117059
692.353 0.594392 0.0112424
692.678 0.585089 0.0111479
693.003 0.600257 0.0114541
693.328 0.624379 0.0126697
693.652 0.615853 0.0133436
693.977 0.585148 0.0128883
694.302 0.585925 0.0122654
694.627 0.603978 0.0119967
694.951 0.644053 0.0127801
695.276 0.620153 0.0135376
695.6 0.595227 0.013887
695.925 0.55456 0.0121948
696.249 0.577864 0.0108966
696.574 0.589413 0.0101446
696.898 0.64375 0.0108382
697.222 0.607736 0.0111126
697.546 0.587495 0.0114091
697.871 0.585876 0.0117568
698.195 0.602262 0.0120548
698.519 0.590783 0.0121695
698.843 0.612051 0.0126792
699.167 0.620543 0.0132467
699.491 0.592791 0.0134063
699.814 0.612029 0.013951
700.138 0.604342 0.0138299
700.462 0.612369 0.0140443
700.786 0.61111 0.0140504
701.109 0.593667 0.0135403
701.433 0.595636 0.0129973
701.756 0.608218 0.0127167
702.08 0.622416 0.0127822
702.403 0.598695 0.0126468
702.726 0.610333 0.0132917
703.05 0.599492 0.0136161
703.373 0.607665 0.0139836
703.696 0.609484 0.0139843
704.019 0.643044 0.0148065
704.342 0.627337 0.0150748
704.665 0.609325 0.0154088
704.988 0.625804 0.0157974
705.311 0.607925 0.0148545
705.634 0.590249 0.0133717
705.957 0.596123 0.0120133
706.28 0.597401 0.0110856
706.602 0.611825 0.0108627
706.925 0.61656 0.0110068
707.247 0.615553 0.0114137
707.57 0.607803 0.011879
707.892 0.590559 0.0119958
708.215 0.613139 0.0127794
708.537 0.606735 0.0132343
708.859 0.610701 0.0135352
709.182 0.604989 0.0133977
709.504 0.577558 0.0126178
709.826 0.610392 0.0127038
710.148 0.613744 0.0128276
710.47 0.626822 0.0132904
710.792 0.614919 0.0135641
711.114 0.620063 0.0140311
711.436 0.613023 0.0144364
711.758 0.592132 0.0140117
712.079 0.6044 0.0139787
712.401 0.594001 0.0134109
712.723 0.592114 0.0127318
713.044 0.578508 0.0119886
713.366 0.605923 0.0119421
713.687 0.592911 0.0117717
714.009 0.61959 0.0124541
714.33 0.593129 0.0123997
714.652 0.604123 0.0128896
714.973 0.616079 0.0134345
715.294 0.616007 0.0140437
715.615 0.606872 0.0147942
715.936 0.60052 0.0151
716.257 0.613609 0.0155282
716.578 0.622852 0.0157396
716.899 0.635981 0.0156897
717.22 0.592254 0.0141275
717.541 0.605118 0.0139025
717.862 0.599383 0.013519
718.182 0.602816 0.0137669
718.503 0.584222 0.0131938
718.824 0.612804 0.0136887
719.144 0.625396 0.0139934
719.465 0.603391 0.0141225
719.785 0.600478 0.0139757
720.105 0.592735 0.0134956
720.426 0.591436 0.0133605
720.746 0.613305 0.0137998
721.066 0.615367 0.0138873
721.386 0.621851 0.014124
721.706 0.601586 0.0142688
722.026 0.604905 0.0144775
722.346 0.618403 0.0149058
722.666 0.619825 0.014811
722.986 0.610726 0.0143934
723.306 0.628575 0.0146517
723.626 0.623646 0.0148669
723.946 0.617154 0.0148086
724.265 0.5861 0.0138366
724.585 0.60635 0.0133516
724.904 0.602137 0.0129291
725.224 0.626897 0.0133085
725.543 0.618545 0.0132007
725.863 0.596433 0.0129804
726.182 0.610878 0.0134677
726.501 0.608417 0.0139782
726.82 0.59258 0.0139099
727.14 0.579518 0.0132522
727.459 0.596337 0.0131453
727.778 0.597321 0.0129505
728.097 0.601655 0.0131758
728.416 0.602148 0.0130111
728.734 0.61109 0.0127984
729.053 0.606774 0.0125476
729.372 0.604096 0.0125115
729.691 0.566733 0.0118752
730.009 0.57687 0.0113307
730.328 0.592818 0.0111244
730.647 0.616737 0.0113021
730.965 0.597092 0.0113914
731.283 0.610898 0.0119774
731.602 0.585551 0.0120307
731.92 0.584626 0.0119298
732.238 0.588237 0.0116485
732.557 0.58599 0.0113282
732.875 0.583721 0.0112588
733.193 0.571855 0.0105459
733.511 0.589706 0.0103009
733.829 0.608533 0.0105569
734.147 0.614687 0.0112687
734.465 0.587086 0.0116611
734.782 0.562946 0.0114128
735.1 0.586177 0.0114976
735.418 0.585907 0.0113794
735.735 0.579016 0.0112386
736.053 0.601886 0.011528
736.371 0.58106 0.0112865
736.688 0.605282 0.011846
737.005 0.598848 0.0124875
737.323 0.617391 0.0133095
737.64 0.603646 0.013348
737.957 0.599298 0.0128567
738.274 0.561417 0.0113343
738.592 0.609628 0.011289
738.909 0.599902 0.011331
739.226 0.601006 0.0122924
739.543 0.600224 0.0132615
739.86 0.589589 0.0137743
740.176 0.610808 0.0146072
740.493 0.610306 0.0152654
740.81 0.600809 0.0153732
741.127 0.583409 0.0148065
741.443 0.591555 0.0144376
741.76 0.591281 0.0137512
742.076 0.622026 0.0140277
742.393 0.625413 0.0145582
742.709 0.612271 0.0152533
743.025 0.618485 0.0159575
743.342 0.605395 0.0156169
743.658 0.598006 0.0152847
743.974 0.606194 0.0150733
744.29 0.595717 0.0146666
744.606 0.62184 0.0152684
744.922 0.600107 0.0151298
745.238 0.630538 0.0155265
745.554 0.640266 0.0159067
745.87 0.611598 0.0156895
746.186 0.576796 0.0148708
746.501 0.621191 0.0148745
746.817 0.611554 0.0146414
747.132 0.607221 0.015461
747.448 0.606892 0.0162703
747.763 0.607192 0.0163643
748.079 0.577982 0.0154056
748.394 0.575286 0.01428
748.71 0.609192 0.0137189
749.025 0.585287 0.0125242
749.34 0.597632 0.0123849
749.655 0.585019 0.012332
749.97 0.600271 0.0129874
750.285 0.565471 0.0127848
750.6 0.583843 0.0128543
750.915 0.56807 0.0122054
751.23 0.605123 0.0127137
751.545 0.597476 0.0130031
751.859 0.5907 0.0135632
752.174 0.580296 0.0139354
752.489 0.558422 0.0129675
752.803 0.577837 0.01246
753.118 0.574045 0.0121562
753.432 0.588397 0.0125684
753.747 0.579584 0.0130319
754.061 0.556904 0.0125378
754.375 0.565373 0.0120781
754.689 0.573599 0.0118127
755.004 0.586084 0.0117323
755.318 0.572582 0.0114506
755.632 0.549575 0.0107648
755.946 0.569412 0.0106717
756.26 0.549933 0.0101265
756.573 0.555894 0.00960666
756.887 0.563377 0.00938625
757.201 0.576956 0.00952721
757.515 0.578055 0.0103113
757.828 0.553787 0.0108866
758.142 0.531766 0.0107966
758.455 0.518086 0.0100103
758.769 0.562555 0.00985045
759.082 0.567068 0.00970682
759.396 0.572363 0.00953021
759.709 0.552398 0.00927585
760.022 0.562869 0.0093119
760.335 0.574512 0.0098256
760.648 0.563407 0.0103534
760.962 0.55171 0.0110247
761.275 0.543873 0.0116159
761.587 0.552355 0.0119897
761.9 0.570221 0.0122689
762.213 0.542813 0.0116079
762.526 0.564835 0.0114071
762.839 0.57801 0.0114884
763.151 0.553691 0.0109656
763.464 0.542747 0.0103032
763.776 0.55012 0.00969964
764.089 0.563782 0.00940582
764.401 0.574216 0.00974693
764.714 0.563628 0.0101554
765.026 0.553566 0.0107213
765.338 0.54598 0.0113118
765.65 0.558045 0.0123783
765.962 0.546211 0.0128989
766.275 0.561254 0.0136281
766.587 0.556682 0.0137522
766.898 0.542973 0.0132168
767.21 0.562919 0.0128838
767.522 0.574864 0.0119947
767.834 0.570308 0.0113638
768.146 0.584017 0.0115326
768.457 0.592402 0.0120649
768.769 0.553054 0.0122996
769.08 0.535268 0.0124057
769.392 0.545646 0.0121499
769.703 0.53494 0.011402
770.015 0.549429 0.0110835
770.326 0.564372 0.0111519
770.637 0.571433 0.0115678
770.948 0.575142 0.0123971
771.26 0.5468 0.012935
771.571 0.525667 0.0129005
771.882 0.561189 0.0133086
772.193 0.56789 0.0130741
772.504 0.562138 0.0132014
772.814 0.570088 0.0138243
773.125 0.568119 0.0140108
773.436 0.565912 0.0143033
773.747 0.55989 0.0147027
774.057 0.575507 0.0153122
774.368 0.564517 0.0152203
774.678 0.575392 0.0157364
774.989 0.587538 0.0163524
775.299 0.572241 0.0165776
775.609 0.581809 0.0167252
775.919 0.605971 0.0168837
776.23 0.601998 0.0166324
776.54 0.604019 0.0169218
776.85 0.584142 0.0164999
777.16 0.565546 0.0161308
777.47 0.567637 0.01545
777.78 0.589104 0.0148313
778.089 0.581252 0.0139159
778.399 0.569265 0.0137347
778.709 0.568957 0.0140101
779.019 0.576044 0.0149042
779.328 0.571029 0.0157937
779.638 0.555475 0.0156448
779.947 0.547716 0.0145584
780.257 0.539962 0.0130235
780.566 0.567918 0.0127285
780.875 0.576924 0.0128659
781.185 0.564358 0.0133733
781.494 0.546775 0.013662
781.803 0.539751 0.0136616
782.112 0.549505 0.0141567
782.421 0.547385 0.0140293
782.73 0.526716 0.0134822
783.039 0.560028 0.0139277
783.348 0.557775 0.0145881
783.656 0.571931 0.0160618
783.965 0.543835 0.0158825
784.274 0.552952 0.0156717
784.582 0.564371 0.0153198
784.891 0.577821 0.0152089
785.199 0.56342 0.015117
785.508 0.571779 0.015828
785.816 0.561492 0.0159569
786.124 0.576815 0.0161561
786.432 0.555558 0.0148702
786.741 0.564435 0.0144346
787.049 0.553665 0.014123
787.357 0.54579 0.013991
787.665 0.525432 0.0136614
787.973 0.552368 0.014144
788.281 0.550206 0.0145642
788.588 0.563267 0.0153342
788.896 0.534857 0.015846
789.204 0.555778 0.0166603
789.511 0.550228 0.0168647
789.819 0.547452 0.0169007
790.126 0.544224 0.0169797
790.434 0.574422 0.0175737
790.741 0.57204 0.0176787
791.049 0.569972 0.0174193
791.356 0.596389 0.018294
791.663 0.607772 0.0194092
791.97 0.559355 0.0182446
792.277 0.616478 0.0197784
792.584 0.572619 0.0177205
792.891 0.526231 0.0149312
793.198 0.520517 0.0136661
793.505 0.555038 0.0137373
793.812 0.540858 0.0137117
794.119 0.526191 0.0139258
794.425 0.538185 0.0143505
794.732 0.517029 0.0146801
795.038 0.558696 0.0169066
795.345 0.514004 0.0174433
795.651 0.576606 0.0195045
795.958 0.548755 0.0192728
796.264 0.540582 0.0184112
796.57 0.569499 0.0178369
796.876 0.594354 0.0177539
797.183 0.586876 0.0180694
797.489 0.585878 0.0187586
797.795 0.548151 0.0183128
798.101 0.587559 0.0191818
798.406 0.560055 0.0185535
798.712 0.547986 0.0185725
799.018 0.581391 0.0198076
799.324 0.599112 0.0202724
799.629 0.570552 0.0199757
799.935 0.61303 0.0207433
800.24 0.59047 0.0205035
800.546 0.579265 0.020135
800.851 0.629503 0.0218888
801.157 0.594266 0.0215584
801.462 0.603758 0.0220592
801.767 0.622199 0.0226392
802.072 0.570872 0.0208734
802.377 0.587843 0.0204682
802.682 0.585723 0.0199226
802.987 0.571883 0.0197775
803.292 0.59652 0.0213406
803.597 0.645606 0.0225645
803.902 0.615275 0.0221078
804.207 0.541827 0.0201572
804.511 0.562232 0.0201797
804.816 0.573307 0.0197602
805.12 0.541543 0.0178521
805.425 0.553481 0.016942
805.729 0.572492 0.0171267
806.034 0.575554 0.0177019
806.338 0.535983 0.0177286
806.642 0.542548 0.0185757
806.946 0.537344 0.0184404
807.251 0.53742 0.0184491
807.555 0.564308 0.0188349
807.859 0.540402 0.0182857
808.162 0.560255 0.0187054
808.466 0.581285 0.0197975
808.77 0.557103 0.0198091
809.074 0.594682 0.0209443
809.378 0.571576 0.0209626
809.681 0.612198 0.0221104
809.985 0.602407 0.0218132
810.288 0.566929 0.0208557
810.592 0.637761 0.0228739
810.895 0.600465 0.0223212
811.198 0.586304 0.0224633
811.502 0.657474 0.0253377
811.805 0.610032 0.0240092
812.108 0.655092 0.0254719
812.411 0.617199 0.02353
812.714 0.566655 0.020428
813.017 0.553352 0.0191044
813.32 0.566918 0.0192955
813.623 0.542438 0.0190842
813.926 0.628156 0.0224887
814.228 0.623889 0.0233292
814.531 0.619517 0.0239355
814.833 0.571438 0.0232361
815.136 0.607788 0.0240159
815.438 0.658822 0.0255513
815.741 0.645241 0.0249715
816.043 0.661068 0.0249072
816.345 0.616832 0.023157
816.648 0.606497 0.023141
816.95 0.626054 0.0238381
817.252 0.621173 0.0243095
817.554 0.643783 0.0248101
817.856 0.609004 0.0246714
818.158 0.6513 0.0261668
818.46 0.649529 0.0267391
818.761 0.702498 0.0272801
819.063 0.632958 0.0258589
819.365 0.670459 0.026261
819.666 0.599238 0.0234004
819.968 0.61319 0.0229019
820.269 0.547881 0.0207596
820.571 0.5952 0.02223
820.872 0.594297 0.0229902
821.173 0.659795 0.0252475
821.475 0.617773 0.0249342
821.776 0.634541 0.0255167
822.077 0.607567 0.0250962
822.378 0.622294 0.0249445
822.679 0.638026 0.0259315
822.98 0.598647 0.0255566
823.281 0.694447 0.0280546
823.581 0.596553 0.0258301
823.882 0.720277 0.0289644
824.183 0.684146 0.0275115
824.483 0.648071 0.0262295
824.784 0.619572 0.024205
825.084 0.643486 0.0249249
825.385 0.588435 0.0234595
825.685 0.634869 0.0252765
825.985 0.651398 0.0263275
826.286 0.64272 0.0260251
826.586 0.622427 0.0247369
826.886 0.639377 0.0249355
827.186 0.61039 0.0240443
827.486 0.662191 0.0260165
827.786 0.697476 0.0276454
828.086 0.664889 0.0273189
828.386 0.677734 0.0266272
828.685 0.634077 0.025747
828.985 0.659336 0.0271559
829.285 0.648436 0.0270205
829.584 0.649762 0.0271693
829.884 0.693123 0.0289395
830.183 0.711539 0.0295339
830.482 0.73191 0.0311175
830.782 0.729506 0.0313546
831.081 0.789103 0.0344991
831.38 0.765074 0.0332509
831.679 0.692762 0.0294531
831.978 0.658139 0.028696
832.277 0.658242 0.0281591
832.576 0.66495 0.0286098
832.875 0.733453 0.0302814
833.174 0.697672 0.0288879
833.472 0.701161 0.0299797
833.771 0.690802 0.0291027
834.07 0.640021 0.0274223
834.368 0.632015 0.0274096
834.667 0.668798 0.0287754
834.965 0.701272 0.0300466
835.263 0.723882 0.0307762
835.562 0.682764 0.0296105
835.86 0.705564 0.0301523
836.158 0.73235 0.0316596
836.456 0.798002 0.0346636
836.754 0.663407 0.0298923
837.052 0.691169 0.0313424
837.35 0.734644 0.0318264
837.648 0.804692 0.0348983
837.946 0.718953 0.0318495
838.243 0.765306 0.0337342
838.541 0.742399 0.0330171
838.839 0.690563 0.0305577
839.136 0.741219 0.0322834
839.434 0.73536 0.0320974
839.731 0.746093 0.0313374
840.028 0.82784 0.0352142
840.326 0.676375 0.0304939
840.623 0.725543 0.0324314
840.92 0.706556 0.0321908
841.217 0.79893 0.0356914
841.514 0.780077 0.0343287
841.811 0.691663 0.0317943
842.108 0.726814 0.032768
842.405 0.752324 0.0336858
842.701 0.684858 0.0311106
842.998 0.788675 0.03465
843.295 0.690343 0.0318676
843.591 0.735689 0.033657
843.888 0.761569 0.0341775
844.184 0.820573 0.0359728
844.481 0.749676 0.0335292
844.777 0.797817 0.0361574
845.073 0.818897 0.0360765
845.369 0.778078 0.034354
845.665 0.780946 0.0353106
845.962 0.818954 0.0358821
846.258 0.804457 0.0362269
846.553 0.916488 0.0393292
846.849 0.764666 0.034736
847.145 0.724823 0.0332589
847.441 0.820719 0.0359009
847.737 0.839982 0.0373776
848.032 0.757092 0.0340353
848.328 0.723089 0.0332987
848.623 0.925578 0.0412793
848.919 0.838027 0.0371866
849.214 0.735575 0.034184
849.509 0.7578 0.0355227
849.805 0.741538 0.034293
850.1 0.804278 0.0363655
850.395 0.843383 0.0382224
850.69 0.812705 0.0373134
850.985 0.795888 0.0351599
851.28 0.763819 0.0351323
851.575 0.743025 0.034013
851.869 0.701149 0.0331792
852.164 0.748634 0.0337713
852.459 0.68017 0.0308977
852.753 0.667073 0.0299368
853.048 0.661996 0.0291804
853.342 0.634079 0.027455
853.637 0.675963 0.0289622
853.931 0.62067 0.0277436
854.225 0.67157 0.0291094
854.52 0.643557 0.0285571
854.814 0.683718 0.0302214
855.108 0.785935 0.0338507
855.402 0.718305 0.0315929
855.696 0.695034 0.0317781
855.99 0.74383 0.0326619
856.283 0.723365 0.0320626
856.577 0.77375 0.0329808
856.871 0.762216 0.0324559
857.164 0.741236 0.0329097
857.458 0.810615 0.0352681
857.751 0.783196 0.0337861
858.045 0.825488 0.036387
858.338 0.741716 0.0330423
858.632 0.792851 0.0357042
858.925 0.813436 0.0360549
859.218 0.787399 0.0356435
859.511 0.73351 0.034067
859.804 0.820089 0.0369095
860.097 0.749883 0.0340845
860.39 0.815517 0.036557
860.683 0.762773 0.0348961
860.976 0.836926 0.0376891
861.268 0.843463 0.0374484
861.561 0.85216 0.0375835
861.854 0.853113 0.0377506
862.146 0.79759 0.0369077
862.439 0.824246 0.0366774
862.731 0.835095 0.0371186
863.023 0.803883 0.035592
863.316 0.807299 0.0362506
863.608 0.726948 0.0326238
863.9 0.938836 0.040586
864.192 0.745817 0.0348524
864.484 0.840825 0.0377344
864.776 0.765277 0.0346223
865.068 0.817373 0.0374383
865.36 0.78318 0.0361312
865.651 0.833321 0.0373338
865.943 0.83443 0.0382653
866.235 0.792956 0.0366044
866.526 0.869605 0.0391155
866.818 0.850216 0.0383537
867.109 0.876891 0.0392413
867.4 0.779957 0.0358099
867.692 0.828158 0.0370813
867.983 0.741527 0.0349789
868.274 0.71387 0.033998
868.565 0.801513 0.0364313
868.856 0.810621 0.0373071
869.147 0.822854 0.0371194
869.438 0.909809 0.0410419
869.729 0.823189 0.0388803
870.02 0.852086 0.0390985
870.31 0.869594 0.0394103
870.601 0.811972 0.036692
870.892 0.809852 0.0375439
871.182 0.881235 0.0397073
871.473 0.81628 0.0370589
871.763 0.875506 0.039336
872.053 0.884528 0.0390323
872.343 0.82276 0.0371151
872.634 0.831272 0.0389912
872.924 0.917522 0.0420506
873.214 0.829478 0.038175
873.504 0.875432 0.0396058
873.794 0.824227 0.0379108
874.084 0.852647 0.0381777
874.373 0.819941 0.0386777
874.663 0.786713 0.036538
874.953 0.903388 0.0408468
875.242 0.822449 0.03841
875.532 0.860467 0.0381395
875.821 0.887022 0.0401766
876.111 0.885791 0.0389808
876.4 0.805331 0.0364343
876.689 0.764497 0.0356155
876.978 0.84093 0.0382676
877.268 0.829455 0.0379241
877.557 0.78944 0.03696
877.846 0.796515 0.0373375
878.134 0.914525 0.0410419
878.423 0.914693 0.0410494
878.712 0.914861 0.041057
