178.41 0.631123 0.123726
178.791 0.635119 0.124509
179.172 0.639087 0.125287
179.553 0.72366 0.72366
179.934 0.374795 0.374795
180.316 0.529546 0.529546
180.697 0.395674 0.395674
181.078 1.06118 1.06118
181.459 0.148617 0.148617
181.84 0.128147 0.128147
182.221 4.78596 4.78596
182.602 -0.539895 -0.539895
182.983 -0.041318 -0.041318
183.364 3.10514 0.577807
183.744 0.558082 0.0798319
184.125 0.426479 0.0589778
184.506 0.338246 0.0465232
184.887 1.11097 0.0972632
185.268 1.03237 0.0824712
185.648 0.530376 0.0428392
186.029 0.727892 0.0483343
186.41 0.542092 0.0392934
186.791 0.6085 0.0387399
187.171 0.607658 0.0356491
187.552 0.646315 0.0310516
187.932 0.592857 0.0271793
188.313 0.622796 0.0281843
188.694 0.557567 0.0249584
189.074 0.556178 0.0249958
189.455 0.551217 0.024224
189.835 0.618544 0.0255064
190.216 0.548638 0.023284
190.596 0.627993 0.0245285
190.977 0.627494 0.0239176
191.357 0.59557 0.023622
191.737 0.61203 0.0236413
192.118 0.627197 0.0243094
192.498 0.576596 0.0224533
192.878 0.588595 0.0220837
193.258 0.621002 0.0229461
193.639 0.659961 0.0236831
194.019 0.603982 0.0222743
194.399 0.61094 0.0223173
194.779 0.636056 0.0227099
195.159 0.612298 0.0216521
195.54 0.551104 0.0203398
195.92 0.579316 0.0205513
196.3 0.563759 0.0203347
196.68 0.631918 0.0219315
197.06 0.623482 0.0213928
197.44 0.61512 0.020926
197.82 0.621319 0.0208926
198.2 0.647756 0.0211884
198.58 0.580172 0.0193979
198.959 0.5737 0.0192484
199.339 0.571326 0.0190124
199.719 0.606582 0.0201542
200.099 0.55843 0.0185775
200.479 0.559654 0.0184917
200.858 0.579528 0.0186065
201.238 0.590588 0.0190113
201.618 0.556242 0.0181349
201.998 0.556212 0.0178734
202.377 0.562179 0.017803
202.757 0.548091 0.0172789
203.136 0.594732 0.0181879
203.516 0.56701 0.0175068
203.896 0.545899 0.0166464
204.275 0.568173 0.0171691
204.655 0.544483 0.0164829
205.034 0.540357 0.016337
205.414 0.517537 0.0155553
205.793 0.531721 0.0156512
206.172 0.520384 0.0152618
206.552 0.53897 0.0156008
206.931 0.509318 0.0149085
207.31 0.498702 0.0145662
207.69 0.478165 0.0139296
208.069 0.517749 0.0145968
208.448 0.511858 0.0142383
208.827 0.498407 0.013937
209.207 0.485693 0.0134667
209.586 0.483614 0.0132472
209.965 0.50917 0.0136272
210.344 0.492064 0.013109
210.723 0.486416 0.0128217
211.102 0.47626 0.0124837
211.481 0.457997 0.0121917
211.86 0.464965 0.0121877
212.239 0.469721 0.0119959
212.618 0.464959 0.011812
212.997 0.471291 0.011881
213.376 0.456179 0.0113834
213.755 0.43473 0.0109477
214.134 0.45258 0.011119
214.513 0.472333 0.0112678
214.891 0.440884 0.0106295
215.27 0.457529 0.0107505
215.649 0.453024 0.010469
216.028 0.448554 0.0103412
216.406 0.447667 0.0101699
216.785 0.439945 0.0100089
217.164 0.439652 0.00980529
217.542 0.437997 0.0096245
217.921 0.436518 0.00949327
218.3 0.456611 0.00971231
218.678 0.445656 0.00939258
219.057 0.460778 0.00945113
219.435 0.442782 0.00911387
219.814 0.449209 0.00905518
220.192 0.453745 0.00895673
220.57 0.451221 0.00880162
220.949 0.463061 0.00885613
221.327 0.465908 0.00868464
221.705 0.463741 0.0085798
222.084 0.472468 0.00851479
222.462 0.472764 0.00846755
222.84 0.476595 0.00837164
223.218 0.482947 0.00830985
223.597 0.481202 0.0081327
223.975 0.480297 0.00798431
224.353 0.494759 0.00798025
224.731 0.486262 0.00778081
225.109 0.503691 0.00786459
225.487 0.505495 0.0077802
225.865 0.514421 0.00772441
226.243 0.516346 0.00763369
226.621 0.519588 0.00753855
226.999 0.522567 0.00743658
227.377 0.53772 0.00744946
227.755 0.536946 0.00731207
228.133 0.537898 0.00722851
228.511 0.558111 0.00733973
228.889 0.566391 0.00725428
229.266 0.571263 0.00723488
229.644 0.568562 0.00706755
230.022 0.580116 0.00706187
230.4 0.584737 0.0070143
230.777 0.592919 0.00699367
231.155 0.599253 0.00694927
231.533 0.601492 0.0068414
231.91 0.610171 0.00680186
232.288 0.616585 0.00680176
232.665 0.627718 0.00678074
233.043 0.623835 0.00668219
233.42 0.638606 0.00672513
233.798 0.639952 0.00664124
234.175 0.654658 0.00665294
234.553 0.666681 0.00667866
234.93 0.662206 0.00656959
235.307 0.679157 0.00661065
235.685 0.674435 0.00649872
236.062 0.683946 0.00649944
236.439 0.686188 0.00646163
236.816 0.691721 0.00640685
237.194 0.690622 0.0063404
237.571 0.703877 0.00636428
237.948 0.711472 0.00636397
238.325 0.712214 0.00631703
238.702 0.712949 0.00626474
239.079 0.723013 0.00625423
239.456 0.719372 0.00619216
239.833 0.731923 0.00619607
240.21 0.732963 0.00616612
240.587 0.739846 0.00614645
240.964 0.745207 0.00613063
241.341 0.747634 0.00609982
241.718 0.752076 0.006064
242.095 0.752062 0.00603905
242.472 0.747647 0.00596721
242.849 0.764318 0.00602493
243.225 0.757502 0.00592017
243.602 0.772924 0.005981
243.979 0.774616 0.00597544
244.356 0.773976 0.00591315
244.732 0.768494 0.00583618
245.109 0.782863 0.00587884
245.486 0.78134 0.00582491
245.862 0.790717 0.00585347
246.239 0.78699 0.0058024
246.615 0.792808 0.00578651
246.992 0.794704 0.00576169
247.368 0.785502 0.00570266
247.745 0.798275 0.00571952
248.121 0.795054 0.00565059
248.497 0.802184 0.00569144
248.874 0.807338 0.00567963
249.25 0.798951 0.00559287
249.626 0.80684 0.00560067
250.003 0.806469 0.00557406
250.379 0.817452 0.00557638
250.755 0.807388 0.00551884
251.131 0.809421 0.00549503
251.507 0.819204 0.00554085
251.884 0.816205 0.00547241
252.26 0.817484 0.00547549
252.636 0.816963 0.00543065
253.012 0.81184 0.00539397
253.388 0.820288 0.00539824
253.764 0.821192 0.0053842
254.14 0.818516 0.00536467
254.516 0.819283 0.00535067
254.892 0.815282 0.00533258
255.268 0.821421 0.00532917
255.643 0.827105 0.00533255
256.019 0.816049 0.00526466
256.395 0.822103 0.0052884
256.771 0.8224 0.0052599
257.147 0.826509 0.00526121
257.522 0.830943 0.00528072
257.898 0.827897 0.0052444
258.274 0.823454 0.00522666
258.649 0.828001 0.00522804
259.025 0.823565 0.00518938
259.4 0.822233 0.00517389
259.776 0.827481 0.00518884
260.151 0.832087 0.00520904
260.527 0.833578 0.00520502
260.902 0.825887 0.00515242
261.278 0.827772 0.00514856
261.653 0.828661 0.00515399
262.028 0.830518 0.00516025
262.404 0.834284 0.00516733
262.779 0.829176 0.00513158
263.154 0.832342 0.00512761
263.53 0.833586 0.00511165
263.905 0.833874 0.00512669
264.28 0.833099 0.00512912
264.655 0.835639 0.00512325
265.03 0.838129 0.00515084
265.405 0.841554 0.00514264
265.781 0.830508 0.00509094
266.156 0.839391 0.00514009
266.531 0.836996 0.00510227
266.906 0.835499 0.00510214
267.281 0.836439 0.00508193
267.655 0.843508 0.00514155
268.03 0.835869 0.0051001
268.405 0.842114 0.0051286
268.78 0.843149 0.005138
269.155 0.841678 0.00510858
269.53 0.83409 0.00508813
269.904 0.837476 0.00509665
270.279 0.842766 0.00513159
270.654 0.843296 0.00510801
271.029 0.83692 0.00510302
271.403 0.84389 0.00512376
271.778 0.834898 0.00509102
272.152 0.83514 0.00509915
272.527 0.830829 0.00508126
272.901 0.838138 0.0050941
273.276 0.840682 0.00509236
273.65 0.835387 0.00506367
274.025 0.848827 0.00513726
274.399 0.842422 0.00512144
274.774 0.841737 0.00509848
275.148 0.835562 0.00507036
275.522 0.838009 0.00506432
275.897 0.838709 0.00508798
276.271 0.839603 0.00509336
276.645 0.841179 0.00508293
277.019 0.840469 0.00508425
277.393 0.842323 0.00507543
277.768 0.843524 0.00509879
278.142 0.839737 0.00506686
278.516 0.844858 0.0051214
278.89 0.84387 0.00509426
279.264 0.848182 0.00512341
279.638 0.843694 0.00508633
280.012 0.838682 0.00506512
280.386 0.840125 0.00510095
280.76 0.845464 0.005098
281.133 0.840752 0.00508898
281.507 0.839222 0.0050768
281.881 0.844506 0.00508709
282.255 0.848977 0.00511197
282.629 0.844163 0.00510853
283.002 0.840974 0.00509671
283.376 0.84503 0.00510606
283.75 0.844056 0.0051169
284.123 0.846049 0.00511415
284.497 0.84471 0.00511792
284.87 0.850289 0.0051377
285.244 0.841468 0.00509428
285.618 0.843111 0.00511007
285.991 0.841274 0.00512722
286.364 0.847803 0.00515546
286.738 0.846414 0.005141
287.111 0.843041 0.00511066
287.485 0.839585 0.00512672
287.858 0.842019 0.00514534
288.231 0.842955 0.00515826
288.605 0.84884 0.00518569
288.978 0.844531 0.00515286
289.351 0.84601 0.00518072
289.724 0.849115 0.0052102
290.097 0.846629 0.00519398
290.47 0.846093 0.00520781
290.843 0.841984 0.00519053
291.217 0.846486 0.0052214
291.59 0.851393 0.00526843
291.963 0.850476 0.00525328
292.336 0.842264 0.00524183
292.708 0.840847 0.00523396
293.081 0.843944 0.00525349
293.454 0.84962 0.00527888
293.827 0.85004 0.00529713
294.2 0.848379 0.00531712
294.573 0.843946 0.0052874
294.945 0.853496 0.00535146
295.318 0.844413 0.00529732
295.691 0.854168 0.0053567
296.064 0.849546 0.00534753
296.436 0.84596 0.0053427
296.809 0.845834 0.00534457
297.181 0.852345 0.00538128
297.554 0.846069 0.005376
297.926 0.845374 0.0053734
298.299 0.846106 0.00537922
298.671 0.848164 0.0053645
299.044 0.850341 0.00540005
299.416 0.844625 0.00537236
299.788 0.845535 0.00538258
300.161 0.847199 0.00539404
300.533 0.8457 0.00539238
300.905 0.846678 0.0053694
301.278 0.841621 0.00536178
301.65 0.846142 0.00537385
302.022 0.846408 0.00539803
302.394 0.845249 0.00540435
302.766 0.844853 0.00539113
303.138 0.85042 0.00543007
303.51 0.837354 0.00535125
303.882 0.843125 0.00539457
304.254 0.833009 0.005347
304.626 0.840555 0.00536558
304.998 0.84463 0.00537399
305.37 0.8445 0.00540532
305.742 0.846425 0.00539222
306.114 0.846834 0.0053994
306.485 0.844941 0.0053825
306.857 0.84328 0.00537347
307.229 0.834474 0.00535668
307.601 0.842274 0.00539378
307.972 0.836191 0.00536862
308.344 0.838822 0.00537997
308.716 0.850029 0.00544563
309.087 0.839206 0.00538498
309.459 0.840938 0.00540391
309.83 0.839408 0.00539539
310.202 0.836127 0.0053713
310.573 0.837544 0.00537589
310.945 0.843608 0.00541849
311.316 0.839798 0.00541395
311.687 0.837901 0.00538472
312.059 0.834037 0.00538401
312.43 0.83778 0.00540265
312.801 0.836481 0.00538373
313.172 0.836331 0.00540573
313.544 0.838038 0.00541022
313.915 0.836408 0.00539859
314.286 0.838936 0.00540845
314.657 0.83355 0.00538102
315.028 0.831582 0.00538681
315.399 0.836703 0.00540613
315.77 0.835545 0.00540142
316.141 0.833824 0.00539905
316.512 0.836403 0.00541019
316.883 0.839311 0.00544641
317.254 0.835725 0.00543005
317.625 0.834883 0.00543783
317.996 0.837838 0.005435
318.366 0.838614 0.00544763
318.737 0.831365 0.00541898
319.108 0.82948 0.00542044
319.478 0.833958 0.00545371
319.849 0.830428 0.00542522
320.22 0.835918 0.00545914
320.59 0.831295 0.00544143
320.961 0.836781 0.00547378
321.331 0.832728 0.00544784
321.702 0.833058 0.00549579
322.072 0.83211 0.0054852
322.443 0.836934 0.00550784
322.813 0.823411 0.00545039
323.184 0.833261 0.00550843
323.554 0.831028 0.00550135
323.924 0.823988 0.00546622
324.295 0.824297 0.00549631
324.665 0.82454 0.0055034
325.035 0.820698 0.00547661
325.405 0.826196 0.005513
325.775 0.836925 0.00558306
326.145 0.829332 0.00555393
326.515 0.833147 0.00560172
326.886 0.832599 0.00560009
327.256 0.828461 0.00558717
327.626 0.831037 0.00563935
327.995 0.821066 0.00562584
328.365 0.811493 0.00559958
328.735 0.803125 0.00559385
329.105 0.789205 0.0055903
329.475 0.795416 0.00566331
329.845 0.803899 0.00571267
330.215 0.831824 0.00579789
330.584 0.857493 0.00582131
330.954 0.880243 0.00582289
331.324 0.877201 0.00567962
331.693 0.860616 0.00553772
332.063 0.85345 0.00548137
332.432 0.828036 0.00536417
332.802 0.801355 0.00527616
333.171 0.795923 0.00530734
333.541 0.796886 0.0054037
333.91 0.803387 0.00546683
334.28 0.812726 0.00554002
334.649 0.816435 0.00556664
335.018 0.823071 0.00560319
335.388 0.822297 0.00561392
335.757 0.819873 0.00560179
336.126 0.816689 0.00561244
336.495 0.82285 0.0056367
336.865 0.814392 0.00561618
337.234 0.819128 0.00567007
337.603 0.817105 0.0056471
337.972 0.82122 0.00567901
338.341 0.816334 0.00564582
338.71 0.813856 0.00565117
339.079 0.821149 0.00568379
339.448 0.807877 0.00561665
339.817 0.811513 0.00564059
340.186 0.811119 0.00564987
340.554 0.818333 0.00569124
340.923 0.812094 0.00565896
341.292 0.814853 0.00569917
341.661 0.810281 0.0056676
342.029 0.81016 0.00566098
342.398 0.815235 0.00570377
342.767 0.815663 0.00572615
343.135 0.807354 0.00566247
343.504 0.811658 0.00571671
343.872 0.81519 0.00569673
344.241 0.811708 0.00568689
344.609 0.813544 0.00571156
344.978 0.814364 0.00572113
345.346 0.811263 0.0056941
345.715 0.813656 0.00572464
346.083 0.808036 0.00570317
346.451 0.811373 0.0057341
346.82 0.807559 0.00571552
347.188 0.809227 0.0057155
347.556 0.807615 0.00572849
347.924 0.801544 0.00567826
348.292 0.819218 0.0058159
348.66 0.811579 0.00577356
349.028 0.804772 0.00573279
349.396 0.802672 0.00573539
349.764 0.805255 0.00574067
350.132 0.810341 0.00579027
350.5 0.797334 0.00572175
350.868 0.809817 0.00580596
351.236 0.804123 0.00577267
351.604 0.806162 0.00579923
351.972 0.803386 0.00579768
352.34 0.801338 0.00578915
352.707 0.804762 0.0058036
353.075 0.801663 0.00577926
353.443 0.798284 0.00578668
353.81 0.797432 0.00580694
354.178 0.800297 0.00581846
354.545 0.801231 0.00580001
354.913 0.798519 0.00580962
355.28 0.79416 0.00578349
355.648 0.800154 0.00581795
356.015 0.804401 0.00585303
356.383 0.798554 0.00582166
356.75 0.801483 0.00585252
357.117 0.801417 0.00585012
357.485 0.797375 0.0058561
357.852 0.802693 0.00587031
358.219 0.807039 0.00589271
358.586 0.793528 0.00583779
358.954 0.799665 0.00586979
359.321 0.798318 0.00586903
359.688 0.795421 0.0058775
360.055 0.794656 0.00586395
360.422 0.794135 0.00585532
360.789 0.796097 0.00589003
361.156 0.796473 0.00588996
361.523 0.799346 0.00592352
361.89 0.797469 0.00591707
362.256 0.786728 0.00583943
362.623 0.790189 0.00589995
362.99 0.79382 0.0059372
363.357 0.797752 0.00594457
363.724 0.794314 0.00592334
364.09 0.792555 0.00592619
364.457 0.796198 0.00596653
364.823 0.794634 0.00592053
365.19 0.788729 0.005894
365.557 0.794872 0.00594129
365.923 0.784266 0.00590229
366.29 0.782926 0.00590462
366.656 0.792473 0.00594794
367.022 0.790048 0.00590817
367.389 0.797664 0.00597553
367.755 0.782969 0.00590876
368.121 0.795509 0.00598942
368.488 0.783475 0.00593584
368.854 0.788736 0.00595806
369.22 0.797779 0.00603676
369.586 0.788003 0.00601399
369.952 0.788084 0.00602372
370.318 0.789907 0.00604955
370.684 0.791205 0.00607281
371.051 0.789089 0.00605366
371.416 0.794781 0.00610703
371.782 0.786536 0.00605581
372.148 0.785417 0.00606376
372.514 0.786448 0.00609315
372.88 0.784398 0.0060779
373.246 0.786217 0.00610362
373.612 0.782689 0.00607732
373.977 0.780498 0.00604679
374.343 0.785279 0.00606099
374.709 0.783116 0.00603302
375.074 0.779978 0.00604339
375.44 0.780036 0.00605808
375.806 0.788641 0.00612171
376.171 0.783859 0.0060978
376.537 0.776466 0.00604809
376.902 0.786219 0.00611286
377.268 0.789504 0.00610144
377.633 0.783867 0.00606658
377.998 0.77719 0.00599768
378.364 0.778461 0.0059811
378.729 0.77924 0.00597332
379.094 0.785579 0.00601824
379.459 0.783815 0.0060847
379.825 0.774638 0.00604896
380.19 0.780029 0.00607302
380.555 0.785612 0.00614916
380.92 0.782323 0.00618345
381.285 0.78026 0.00620263
381.65 0.775442 0.00614739
382.015 0.770839 0.00610471
382.38 0.784362 0.00618646
382.745 0.778661 0.00621356
383.11 0.777231 0.00619666
383.474 0.771342 0.0061755
383.839 0.769877 0.00616849
384.204 0.77618 0.00622246
384.569 0.773007 0.00620635
384.933 0.776132 0.00623134
385.298 0.774418 0.00626728
385.663 0.776592 0.00628928
386.027 0.771193 0.0062271
386.392 0.771216 0.0062068
386.756 0.772046 0.00617024
387.121 0.774343 0.00618605
387.485 0.768208 0.00611143
387.849 0.761877 0.0060474
388.214 0.775872 0.00618846
388.578 0.778773 0.00619966
388.942 0.774259 0.00625439
389.307 0.768122 0.00619989
389.671 0.770269 0.00624429
390.035 0.763869 0.00618443
390.399 0.763278 0.00618408
390.763 0.763117 0.00615163
391.127 0.754191 0.00606939
391.492 0.759336 0.00602592
391.856 0.756662 0.00596301
392.219 0.756807 0.00588436
392.583 0.775497 0.00599816
392.947 0.776779 0.00609309
393.311 0.775871 0.00616765
393.675 0.774427 0.00618917
394.039 0.761874 0.00615475
394.403 0.765878 0.00619403
394.766 0.773631 0.00626571
395.13 0.772105 0.00626419
395.494 0.762137 0.00621506
395.857 0.759467 0.00620037
396.221 0.761155 0.00617707
396.584 0.763861 0.00614859
396.948 0.757003 0.00605646
397.311 0.746321 0.00592207
397.675 0.75839 0.00593402
398.038 0.759307 0.00591942
398.401 0.76886 0.00603742
398.765 0.77421 0.00614904
399.128 0.770226 0.00622383
399.491 0.768205 0.0062575
399.854 0.755264 0.00622893
400.218 0.746715 0.00618111
400.581 0.76394 0.00631744
400.944 0.760512 0.00629489
401.307 0.765895 0.00642333
401.67 0.762981 0.00639429
402.033 0.755937 0.00636976
402.396 0.76085 0.00639564
402.759 0.754863 0.00636795
403.122 0.75389 0.00635737
403.485 0.754144 0.00634847
403.847 0.758419 0.00632794
404.21 0.760084 0.00630482
404.573 0.759666 0.00627749
404.936 0.754633 0.00620024
405.298 0.763367 0.00631603
405.661 0.764743 0.00641525
406.023 0.762063 0.00647774
406.386 0.757101 0.00647181
406.749 0.760503 0.00654402
407.111 0.752575 0.00654207
407.473 0.744702 0.00641759
407.836 0.752162 0.00639589
408.198 0.751094 0.00637644
408.561 0.760997 0.00641993
408.923 0.744669 0.00632805
409.285 0.74921 0.00633867
409.647 0.765661 0.00650221
410.009 0.758303 0.00653043
410.372 0.756735 0.00652298
410.734 0.751671 0.00653384
411.096 0.756808 0.00655211
411.458 0.751284 0.00653073
411.82 0.749601 0.00647889
412.182 0.740845 0.00637629
412.544 0.747462 0.00643014
412.906 0.757626 0.00647287
413.267 0.752009 0.00643571
413.629 0.751868 0.0065014
413.991 0.750712 0.00653144
414.353 0.757495 0.0065698
414.714 0.754534 0.00664228
415.076 0.754205 0.00661957
415.438 0.747791 0.00658472
415.799 0.747478 0.00654547
416.161 0.758879 0.00665879
416.522 0.753123 0.00667486
416.884 0.742977 0.00663177
417.245 0.753385 0.00669002
417.607 0.750061 0.00666434
417.968 0.745667 0.00666971
418.329 0.742503 0.00660756
418.691 0.743479 0.00661823
419.052 0.746845 0.00662302
419.413 0.741674 0.00658564
419.774 0.739837 0.00653367
420.135 0.731917 0.00637362
420.497 0.73157 0.00626976
420.858 0.737467 0.00620752
421.219 0.750224 0.00624461
421.58 0.757528 0.00632644
421.941 0.750911 0.0063758
422.302 0.741993 0.00646862
422.662 0.756977 0.00656815
423.023 0.745389 0.00655285
423.384 0.743549 0.00657071
423.745 0.736399 0.00651674
424.106 0.743742 0.0065497
424.466 0.745462 0.00650346
424.827 0.745251 0.00655507
425.187 0.752569 0.00671523
425.548 0.750772 0.00679024
425.909 0.736089 0.00674519
426.269 0.736186 0.00670077
426.63 0.731438 0.00665421
426.99 0.732872 0.00658224
427.35 0.743198 0.00665661
427.711 0.735049 0.00661565
428.071 0.732534 0.00654249
428.431 0.712004 0.00634665
428.792 0.718879 0.00617624
429.152 0.725558 0.00602133
429.512 0.738456 0.00603837
429.872 0.746621 0.00608551
430.232 0.748016 0.00615291
430.592 0.760142 0.00638428
430.952 0.75284 0.00654289
431.312 0.744898 0.00665225
431.672 0.745205 0.0067894
432.032 0.735148 0.0067499
432.392 0.733931 0.00669482
432.752 0.705894 0.00626979
433.111 0.720903 0.0061488
433.471 0.749391 0.00630243
433.831 0.776339 0.00667361
434.19 0.734041 0.00651296
434.55 0.729839 0.00648286
434.91 0.741547 0.00662259
435.269 0.726977 0.0065003
435.629 0.73211 0.00649196
435.988 0.735568 0.00648441
436.348 0.748639 0.00658142
436.707 0.7428 0.00667479
437.066 0.731074 0.00662976
437.426 0.731177 0.00659617
437.785 0.730219 0.00654977
438.144 0.731547 0.00654406
438.503 0.736164 0.00662691
438.862 0.734598 0.00664245
439.222 0.735426 0.00667837
439.581 0.734041 0.00673314
439.94 0.729207 0.00668695
440.299 0.710399 0.0063716
440.658 0.707285 0.00614116
441.017 0.727591 0.00620369
441.376 0.743113 0.0063234
441.734 0.749913 0.00643775
442.093 0.72344 0.00634133
442.452 0.718052 0.00627754
442.811 0.722876 0.00624871
443.169 0.734178 0.00631621
443.528 0.741391 0.00644107
443.887 0.732528 0.00642869
444.245 0.726379 0.00640329
444.604 0.735989 0.00653101
444.962 0.733885 0.0065659
445.321 0.724195 0.00651145
445.679 0.722879 0.00647815
446.038 0.72687 0.00646677
446.396 0.735488 0.00656874
446.754 0.728526 0.00663646
447.112 0.729334 0.00665904
447.471 0.732164 0.00673413
447.829 0.721909 0.00671539
448.187 0.720173 0.00668301
448.545 0.725878 0.00669957
448.903 0.733931 0.00675023
449.261 0.731373 0.00675728
449.619 0.732208 0.00681283
449.977 0.728939 0.00681251
450.335 0.729313 0.00688666
450.693 0.723132 0.00688938
451.051 0.731954 0.0069531
451.409 0.720915 0.00687794
451.766 0.739652 0.00701948
452.124 0.740799 0.00710355
452.482 0.726458 0.00708666
452.839 0.724148 0.00712138
453.197 0.727829 0.00722589
453.555 0.729018 0.00724371
453.912 0.735911 0.0073196
454.27 0.712155 0.00704284
454.627 0.726946 0.00705914
454.984 0.721566 0.00699632
455.342 0.741172 0.00719314
455.699 0.725112 0.007176
456.056 0.720524 0.00716656
456.414 0.711656 0.00702949
456.771 0.717818 0.00698714
457.128 0.720946 0.00695544
457.485 0.720157 0.00687818
457.842 0.721829 0.00692732
458.199 0.720077 0.0069323
458.556 0.721445 0.00687393
458.913 0.714895 0.00686367
459.27 0.721382 0.00683765
459.627 0.72762 0.00693197
459.984 0.709278 0.00681678
460.341 0.715645 0.00686427
460.697 0.734723 0.00702724
461.054 0.748879 0.00726602
461.411 0.736883 0.00736474
461.767 0.720959 0.00737434
462.124 0.722059 0.00742459
462.481 0.712781 0.0072621
462.837 0.709305 0.00714597
463.194 0.718946 0.00703405
463.55 0.720964 0.00708151
463.907 0.700361 0.00681392
464.263 0.712745 0.00677684
464.619 0.709696 0.00665939
464.976 0.708308 0.00653149
465.332 0.730243 0.00661167
465.688 0.734391 0.00675057
466.044 0.748295 0.00708935
466.4 0.735361 0.00718886
466.756 0.727136 0.00720975
467.112 0.718771 0.00714424
467.468 0.721807 0.00719261
467.824 0.721876 0.00718182
468.18 0.732068 0.00735545
468.536 0.728474 0.00737407
468.892 0.723565 0.00742296
469.248 0.718438 0.00743068
469.604 0.717246 0.00748832
469.959 0.722363 0.0075481
470.315 0.724936 0.00752318
470.671 0.714114 0.00747601
471.026 0.707023 0.00738097
471.382 0.71001 0.00733766
471.737 0.712984 0.00727989
472.093 0.710105 0.00716746
472.448 0.703651 0.00703027
472.804 0.709208 0.00693792
473.159 0.720827 0.0069647
473.514 0.729548 0.00701356
473.87 0.7057 0.00682974
474.225 0.689945 0.00656987
474.58 0.698395 0.0064646
474.935 0.716619 0.00655525
475.29 0.722351 0.00666687
475.645 0.714092 0.00667213
476 0.714506 0.00667525
476.355 0.720366 0.00676722
476.71 0.714861 0.00675999
477.065 0.696735 0.00654172
477.42 0.699233 0.00640515
477.775 0.718609 0.00650432
478.13 0.709056 0.00646628
478.485 0.709066 0.00646163
478.839 0.705271 0.00640613
479.194 0.692647 0.00618985
479.549 0.693085 0.00606054
479.903 0.714078 0.00616125
480.258 0.720425 0.00628336
480.612 0.69753 0.00608054
480.967 0.696599 0.00595594
481.321 0.713688 0.00599349
481.675 0.723761 0.00614395
482.03 0.72341 0.00626885
482.384 0.709569 0.0062371
482.738 0.699189 0.00615771
483.093 0.705419 0.00616119
483.447 0.692208 0.00595194
483.801 0.686744 0.0057773
484.155 0.705989 0.00576924
484.509 0.629435 0.00506094
484.863 0.497538 0.00302126
485.217 0.649388 0.00302598
485.571 0.753545 0.00322463
485.925 0.950062 0.00441101
486.279 0.826081 0.00490117
486.632 0.712572 0.00497145
486.986 0.728228 0.00545582
487.34 0.742455 0.00591679
487.694 0.715577 0.00601529
488.047 0.702543 0.00603076
488.401 0.703802 0.00602913
488.754 0.710723 0.00609659
489.108 0.708398 0.00617057
489.461 0.718074 0.00627616
489.815 0.713258 0.0063283
490.168 0.699853 0.00619454
490.522 0.706852 0.00620467
490.875 0.706042 0.00620924
491.228 0.714181 0.00627593
491.581 0.699963 0.00617464
491.935 0.712189 0.006245
492.288 0.705348 0.00623496
492.641 0.703152 0.00618983
492.994 0.695136 0.00613698
493.347 0.698811 0.00611566
493.7 0.705035 0.00611054
494.053 0.702627 0.00612007
494.406 0.717777 0.00626744
494.759 0.712049 0.00638782
495.111 0.681897 0.00610287
495.464 0.673681 0.00580782
495.817 0.691819 0.00571645
496.169 0.730396 0.00603438
496.522 0.738613 0.00630513
496.875 0.724828 0.00648122
497.227 0.694365 0.0063903
497.58 0.69267 0.00642289
497.932 0.700901 0.00640524
498.285 0.69459 0.00633157
498.637 0.683615 0.00613597
498.989 0.696524 0.00610434
499.342 0.707062 0.00615332
499.694 0.721327 0.00634009
500.046 0.703309 0.00637228
500.398 0.68143 0.00612295
500.751 0.690091 0.00605544
501.103 0.699044 0.00611019
501.455 0.707389 0.00613441
501.807 0.696953 0.00609952
502.159 0.700698 0.00611656
502.511 0.703212 0.00613745
502.862 0.699091 0.00613299
503.214 0.712768 0.0062718
503.566 0.718945 0.00641327
503.918 0.695639 0.00639163
504.27 0.690559 0.00635052
504.621 0.701016 0.00640333
504.973 0.706585 0.00649152
505.324 0.688265 0.00638483
505.676 0.683784 0.00625198
506.027 0.703316 0.0063114
506.379 0.72417 0.00660648
506.73 0.706834 0.00666987
507.082 0.684623 0.00650587
507.433 0.680175 0.00638966
507.784 0.708793 0.00647791
508.136 0.708467 0.00655939
508.487 0.706628 0.00657973
508.838 0.699939 0.00664016
509.189 0.694584 0.00661892
509.54 0.69019 0.00652269
509.891 0.702766 0.00665029
510.242 0.693144 0.00658277
510.593 0.700044 0.00665975
510.944 0.702133 0.0067182
511.295 0.710632 0.00685984
511.646 0.704054 0.00694626
511.996 0.686466 0.0068228
512.347 0.689875 0.00678869
512.698 0.705398 0.00684924
513.049 0.691223 0.00679324
513.399 0.697299 0.00691773
513.75 0.691052 0.00685507
514.1 0.702293 0.00697254
514.451 0.711999 0.00720068
514.801 0.699091 0.00718822
515.152 0.68526 0.00702582
515.502 0.684356 0.00689337
515.852 0.688071 0.0068507
516.202 0.697104 0.00689211
516.553 0.704984 0.00700844
516.903 0.706003 0.0071177
517.253 0.704427 0.00722839
517.603 0.702523 0.00726668
517.953 0.687834 0.00711082
518.303 0.686859 0.00699
518.653 0.694241 0.00692143
519.003 0.712218 0.00707286
519.353 0.729305 0.00738869
519.703 0.726812 0.00759374
520.052 0.695644 0.00744079
520.402 0.687995 0.00738127
520.752 0.692669 0.0073253
521.102 0.703531 0.00740927
521.451 0.708982 0.00755206
521.801 0.693444 0.00744859
522.15 0.69 0.00738195
522.5 0.698241 0.00733554
522.849 0.70069 0.00736798
523.199 0.686298 0.00719659
523.548 0.69571 0.00722769
523.897 0.705075 0.0072622
524.246 0.710333 0.00743747
524.596 0.719609 0.0076089
524.945 0.685144 0.00737308
525.294 0.690111 0.00739254
525.643 0.698286 0.0074438
525.992 0.695194 0.00741085
526.341 0.687515 0.00731227
526.69 0.700735 0.00745702
527.039 0.709459 0.0075698
527.388 0.698058 0.00755289
527.737 0.666814 0.00718617
528.086 0.671976 0.00698771
528.434 0.693143 0.00694964
528.783 0.720838 0.00717767
529.132 0.705999 0.0072508
529.48 0.703684 0.00735871
529.829 0.706457 0.00745181
530.177 0.700709 0.00746832
530.526 0.703277 0.0075318
530.874 0.686514 0.00736472
531.223 0.69337 0.00738555
531.571 0.691095 0.00737018
531.919 0.694558 0.00740841
532.268 0.664129 0.00705654
532.616 0.674538 0.00687393
532.964 0.690308 0.00682015
533.312 0.704502 0.00690776
533.66 0.700739 0.00688761
534.008 0.690987 0.006816
534.356 0.690038 0.00680055
534.704 0.698424 0.00690999
535.052 0.70531 0.00700726
535.4 0.709557 0.00717655
535.748 0.702348 0.00733216
536.095 0.70671 0.00754268
536.443 0.690341 0.00748938
536.791 0.670543 0.007262
537.139 0.671104 0.0070846
537.486 0.681549 0.00699438
537.834 0.693295 0.00697996
538.181 0.692343 0.00694788
538.529 0.690572 0.00694032
538.876 0.687946 0.00694071
539.223 0.698613 0.00706901
539.571 0.700436 0.00722841
539.918 0.686731 0.0071529
540.265 0.670887 0.00694862
540.613 0.68631 0.00692583
540.96 0.705109 0.00706799
541.307 0.689313 0.007012
541.654 0.69581 0.007089
542.001 0.688451 0.00700193
542.348 0.690981 0.00702785
542.695 0.686673 0.00701425
543.042 0.668921 0.00682324
543.388 0.689964 0.00685584
543.735 0.686708 0.00680941
544.082 0.67959 0.00677451
544.429 0.692754 0.0068467
544.775 0.702634 0.00703702
545.122 0.708541 0.00727218
545.469 0.690151 0.00732323
545.815 0.678923 0.00725466
546.162 0.674233 0.00717688
546.508 0.669104 0.00699986
546.854 0.673318 0.00683335
547.201 0.668491 0.00650606
547.547 0.696326 0.0065719
547.893 0.704396 0.00671164
548.24 0.710894 0.00703882
548.586 0.705801 0.00740026
548.932 0.685152 0.00739668
549.278 0.678671 0.00744401
549.624 0.68071 0.00735627
549.97 0.703951 0.00756235
550.316 0.695033 0.00768073
550.662 0.688411 0.00769793
551.008 0.648581 0.0072256
551.353 0.665213 0.00690606
551.699 0.681546 0.00672822
552.045 0.714257 0.0070328
552.391 0.700438 0.00714873
552.736 0.681547 0.00709099
553.082 0.678807 0.00710437
553.427 0.692189 0.00725405
553.773 0.705639 0.00757732
554.118 0.683241 0.00753563
554.464 0.663286 0.00722632
554.809 0.659953 0.00695132
555.154 0.686289 0.00692039
555.5 0.700191 0.00703789
555.845 0.708057 0.00727844
556.19 0.688387 0.00734195
556.535 0.686034 0.00753583
556.88 0.669182 0.0073843
557.225 0.685241 0.00742141
557.57 0.691744 0.00754239
557.915 0.70057 0.00782019
558.26 0.679813 0.00778599
558.605 0.681299 0.00782095
558.95 0.664568 0.00759968
559.295 0.658725 0.0071968
559.639 0.662293 0.00691421
559.984 0.677075 0.00674789
560.329 0.694748 0.00675801
560.673 0.691241 0.00675755
561.018 0.703645 0.00698368
561.362 0.68976 0.0070752
561.707 0.688065 0.00725261
562.051 0.670966 0.00710193
562.395 0.673453 0.00708785
562.74 0.677127 0.00694637
563.084 0.676118 0.00683279
563.428 0.675452 0.00667571
563.772 0.69308 0.0067906
564.117 0.676039 0.00665978
564.461 0.687354 0.00668351
564.805 0.688218 0.00675937
565.149 0.674345 0.00666543
565.493 0.672933 0.00663873
565.836 0.669324 0.00652678
566.18 0.672837 0.00646821
566.524 0.638112 0.00591828
566.868 0.672831 0.00586893
567.212 0.679016 0.00578438
567.555 0.679045 0.00571395
567.899 0.653325 0.00538319
568.242 0.665969 0.00520401
568.586 0.647511 0.00483205
568.929 0.649823 0.00452874
569.273 0.662381 0.00430434
569.616 0.686839 0.00432832
569.96 0.668661 0.00421574
570.303 0.659291 0.00406047
570.646 0.672091 0.00403722
570.989 0.657152 0.00388283
571.333 0.686325 0.00396533
571.676 0.691863 0.00409667
572.019 0.707797 0.00449012
572.362 0.625576 0.00409985
572.705 0.636783 0.00383859
573.048 0.664677 0.00370521
573.391 0.668365 0.00359534
573.733 0.674967 0.00353258
574.076 0.668763 0.00347745
574.419 0.692621 0.00359249
574.762 0.687178 0.00376737
575.104 0.694707 0.00403586
575.447 0.633412 0.00391515
575.789 0.638086 0.00372302
576.132 0.662056 0.00354027
576.474 0.678023 0.00356031
576.817 0.644343 0.00323176
577.159 0.668232 0.00310497
577.501 0.716813 0.00317568
577.844 0.723931 0.00336606
578.186 0.712611 0.003723
578.528 0.644971 0.00376215
578.87 0.64748 0.00379029
579.212 0.638073 0.0036867
579.554 0.663629 0.0036058
579.896 0.674991 0.00366359
580.238 0.642229 0.00344859
580.58 0.630438 0.00299851
580.922 0.728125 0.00309973
581.264 0.797012 0.00324296
581.606 0.744922 0.00315508
581.947 0.698636 0.00323139
582.289 0.699599 0.00355459
582.631 0.674797 0.00388048
582.972 0.645278 0.00408513
583.314 0.633728 0.00406574
583.655 0.64531 0.00401731
583.997 0.630848 0.00366089
584.338 0.6559 0.00343777
584.679 0.670878 0.00331758
585.021 0.710466 0.0034393
585.362 0.698309 0.00364936
585.703 0.686634 0.00388887
586.044 0.630308 0.00382865
586.385 0.635585 0.00365742
586.726 0.653751 0.00352735
587.067 0.712002 0.00374971
587.408 0.687085 0.00389944
587.749 0.674002 0.00404415
588.09 0.670234 0.00421016
588.431 0.679572 0.00445716
588.772 0.66172 0.00462903
589.113 0.639956 0.00450522
589.453 0.672074 0.00459522
589.794 0.689285 0.00475036
590.134 0.683475 0.00496686
590.475 0.663785 0.00505303
590.815 0.647953 0.00498209
591.156 0.676068 0.00507942
591.496 0.648799 0.00492914
591.837 0.598867 0.00410772
592.177 0.655359 0.00388307
592.517 0.684755 0.00372222
592.857 0.710682 0.00393708
593.198 0.692644 0.00411504
593.538 0.690433 0.00450563
593.878 0.640238 0.00456935
594.218 0.628239 0.00443655
594.558 0.65485 0.00433278
594.898 0.684876 0.00449072
595.237 0.692373 0.00475217
595.577 0.675083 0.00501082
595.917 0.662953 0.00525325
596.257 0.627064 0.00499603
596.596 0.648415 0.00494113
596.936 0.675065 0.00488438
597.276 0.691847 0.00512996
597.615 0.648664 0.0049664
597.955 0.602075 0.00429763
598.294 0.670416 0.00416175
598.633 0.691741 0.00418083
598.973 0.688909 0.00433129
599.312 0.65195 0.00423572
599.651 0.672678 0.00429417
599.991 0.668403 0.00439338
600.33 0.668656 0.00444124
600.669 0.668081 0.0045725
601.008 0.669996 0.00471595
601.347 0.665456 0.00489768
601.686 0.640111 0.00471297
602.025 0.6719 0.00482775
602.364 0.636606 0.00451032
602.702 0.6743 0.00455489
603.041 0.674271 0.0045325
603.38 0.67697 0.004709
603.719 0.673569 0.00493309
604.057 0.663396 0.00507082
604.396 0.646115 0.00500866
604.734 0.64114 0.0048704
605.073 0.643807 0.00445743
605.411 0.693128 0.0046273
605.75 0.684402 0.00468998
606.088 0.671801 0.00493799
606.426 0.636637 0.00475071
606.764 0.657642 0.0047472
607.103 0.680001 0.00488707
607.441 0.666665 0.00505393
607.779 0.665415 0.00519419
608.117 0.655372 0.00512959
608.455 0.687506 0.00540662
608.793 0.647461 0.00539037
609.131 0.624767 0.00501006
609.469 0.668461 0.00499272
609.806 0.687737 0.00504566
610.144 0.692515 0.00543344
610.482 0.644267 0.00539457
610.819 0.657662 0.00541847
611.157 0.666841 0.00547496
611.495 0.675319 0.00568783
611.832 0.658987 0.00568485
612.17 0.656147 0.00563197
612.507 0.6613 0.00557926
612.844 0.66769 0.00565069
613.182 0.664218 0.00566603
613.519 0.661441 0.00562202
613.856 0.660689 0.00558275
614.193 0.649973 0.00551836
614.53 0.660031 0.00542927
614.867 0.666506 0.00538119
615.205 0.691622 0.00576171
615.541 0.661253 0.00581026
615.878 0.65071 0.0060392
616.215 0.644376 0.00601688
616.552 0.670372 0.0061683
616.889 0.651664 0.00599142
617.226 0.664747 0.00594112
617.562 0.680454 0.0061173
617.899 0.684746 0.00650688
618.235 0.668659 0.0067893
618.572 0.650311 0.00698715
618.908 0.631545 0.00675896
619.245 0.65622 0.00658691
619.581 0.674917 0.00650274
619.918 0.721476 0.00709056
620.254 0.693536 0.00784404
620.59 0.619336 0.00774684
620.926 0.620458 0.00733832
621.262 0.665129 0.00718117
621.599 0.696055 0.00721148
621.935 0.662563 0.00706756
622.271 0.663107 0.00681212
622.606 0.668175 0.00663465
622.942 0.690488 0.00682687
623.278 0.680299 0.00703989
623.614 0.631979 0.00652588
623.95 0.669626 0.00661005
624.285 0.673347 0.00670512
624.621 0.694218 0.00716758
624.957 0.659012 0.00724217
625.292 0.666158 0.00744377
625.628 0.664113 0.00772017
625.963 0.649294 0.00773257
626.299 0.644661 0.00756797
626.634 0.670487 0.00758385
626.969 0.685705 0.00775831
627.304 0.707668 0.00839349
627.64 0.653114 0.00870556
627.975 0.631622 0.00860092
628.31 0.634745 0.00821844
628.645 0.67711 0.00815292
628.98 0.687027 0.00835161
629.315 0.672783 0.00837091
629.65 0.646314 0.00828477
629.985 0.661208 0.00838789
630.319 0.689144 0.00890656
630.654 0.6504 0.0088067
630.989 0.660204 0.00881632
631.323 0.671629 0.00906541
631.658 0.680654 0.00939119
631.993 0.677006 0.00980089
632.327 0.653589 0.00971602
632.662 0.657171 0.00972252
632.996 0.660457 0.00961559
633.33 0.680276 0.00966885
633.665 0.696515 0.00995317
633.999 0.678302 0.0100924
634.333 0.670889 0.0101683
634.667 0.654461 0.0100498
635.001 0.6517 0.00974555
635.335 0.643906 0.00939178
635.669 0.660279 0.00912539
636.003 0.688799 0.00932481
636.337 0.678076 0.00961626
636.671 0.666518 0.0100016
637.005 0.657419 0.01035
637.339 0.644597 0.010283
637.672 0.650052 0.0100594
638.006 0.675976 0.00999426
638.339 0.693274 0.0101014
638.673 0.682525 0.0103711
639.006 0.672621 0.0105413
639.34 0.662295 0.010569
639.673 0.676014 0.0107827
640.007 0.668257 0.0107356
640.34 0.678302 0.0109184
640.673 0.669712 0.0110832
641.006 0.67293 0.0112272
641.34 0.676421 0.0113441
641.673 0.679639 0.0116463
642.006 0.671667 0.0117942
642.339 0.661227 0.0115671
642.672 0.689773 0.0117089
643.004 0.679497 0.0116711
643.337 0.677591 0.0119043
643.67 0.66729 0.0119255
644.003 0.653132 0.0115976
644.336 0.66444 0.011768
644.668 0.681755 0.0119542
645.001 0.687876 0.0121549
645.333 0.702085 0.0124626
645.666 0.690455 0.0127099
645.998 0.688556 0.01301
646.331 0.657605 0.0127198
646.663 0.663973 0.012763
646.995 0.652429 0.0120279
647.327 0.661823 0.0113256
647.66 0.680147 0.0106614
647.992 0.676668 0.0103566
648.324 0.679502 0.0102855
648.656 0.678846 0.0104104
648.988 0.678878 0.0107457
649.32 0.665981 0.0112442
649.652 0.659917 0.0118614
649.983 0.648853 0.012074
650.315 0.665634 0.0124087
650.647 0.649921 0.0120573
650.979 0.65431 0.0115896
651.31 0.660517 0.011214
651.642 0.662847 0.0108238
651.973 0.650554 0.010686
652.305 0.658307 0.0107419
652.636 0.666574 0.0108603
652.967 0.67644 0.0112458
653.299 0.645677 0.0111815
653.63 0.632422 0.0111191
653.961 0.618521 0.0104698
654.292 0.564291 0.00835876
654.623 0.307436 0.00255975
654.955 0.901447 0.00343597
655.286 0.901392 0.00343576
655.616 0.901336 0.00343555
655.947 0.901279 0.00343533
656.278 0.901221 0.00343511
656.609 0.455714 0.00244263
656.94 0.378089 0.00279806
657.27 0.356398 0.00321888
657.601 0.390766 0.00386235
657.932 0.457865 0.00497244
658.262 0.529901 0.00653029
658.593 0.587322 0.00839189
658.923 0.633623 0.0104201
659.254 0.642773 0.0116907
659.584 0.663141 0.0127561
659.914 0.654929 0.0132633
660.244 0.682386 0.0139998
660.575 0.671085 0.0139695
660.905 0.672405 0.0139853
661.235 0.664064 0.0137153
661.565 0.678446 0.0136992
661.895 0.691079 0.0137907
662.225 0.695918 0.0140378
662.555 0.675527 0.013952
662.884 0.66625 0.0138456
663.214 0.685119 0.0137736
663.544 0.680687 0.0135447
663.873 0.699202 0.013708
664.203 0.671277 0.013026
664.533 0.684563 0.0130504
664.862 0.698315 0.0129895
665.192 0.708911 0.0133203
665.521 0.688227 0.0137022
665.85 0.699224 0.0144142
666.18 0.694186 0.0148951
666.509 0.636206 0.0142046
666.838 0.683801 0.0146629
667.167 0.680881 0.0143892
667.496 0.695689 0.0146227
667.825 0.684433 0.0144286
668.154 0.67984 0.0144244
668.483 0.696072 0.01462
668.812 0.685981 0.0141998
669.141 0.681829 0.0140326
669.47 0.69288 0.0138054
669.798 0.696744 0.0139452
670.127 0.688015 0.0141848
670.456 0.633377 0.0130645
670.784 0.643773 0.0118683
671.113 0.666065 0.0110089
671.441 0.680082 0.0103767
671.77 0.70201 0.0105967
672.098 0.690226 0.0108862
672.426 0.709068 0.0120821
672.755 0.648578 0.0123793
673.083 0.651514 0.0127934
673.411 0.648658 0.0128694
673.739 0.674325 0.0132063
674.067 0.668911 0.0135695
674.395 0.662317 0.0138402
674.723 0.654357 0.013372
675.051 0.690822 0.0135884
675.379 0.698789 0.0137159
675.706 0.67658 0.0134792
676.034 0.686644 0.0138523
676.362 0.685757 0.0140887
676.689 0.631662 0.0128373
677.017 0.653799 0.0120938
677.344 0.691742 0.0119044
677.672 0.706552 0.0120526
677.999 0.688164 0.0122557
678.327 0.663972 0.0118455
678.654 0.645687 0.0110654
678.981 0.666844 0.0109312
679.308 0.687494 0.01104
679.636 0.692278 0.0114883
679.963 0.675034 0.0119016
680.29 0.654027 0.0120663
680.617 0.657343 0.0118826
680.944 0.670844 0.0117708
681.271 0.680757 0.0119087
681.597 0.667848 0.0124822
681.924 0.65177 0.0131814
682.251 0.653321 0.013543
682.578 0.642121 0.0128278
682.904 0.665006 0.0122278
683.231 0.656624 0.0115968
683.557 0.675677 0.0114418
683.884 0.66876 0.0111298
684.21 0.671124 0.0108005
684.536 0.643993 0.0102143
684.863 0.677723 0.0103512
685.189 0.684874 0.0104374
685.515 0.670339 0.0107773
685.841 0.648883 0.01104
686.167 0.644929 0.0111722
686.493 0.645942 0.0109263
686.819 0.665699 0.0111523
687.145 0.677994 0.0116453
687.471 0.682649 0.0125151
687.797 0.668446 0.0130116
688.123 0.619221 0.0124114
688.448 0.637339 0.012397
688.774 0.663025 0.0121487
689.1 0.679088 0.0124235
689.425 0.695386 0.0130182
689.751 0.642409 0.0127677
690.076 0.628368 0.0121933
690.402 0.648649 0.011535
690.727 0.693569 0.0115037
691.052 0.69523 0.0116479
691.377 0.684949 0.0119861
691.703 0.672649 0.0121203
692.028 0.67252 0.0123124
692.353 0.662855 0.0118722
692.678 0.671317 0.0119412
693.003 0.667677 0.0120802
693.328 0.689137 0.0133106
693.652 0.658564 0.0137985
693.977 0.6353 0.0134292
694.302 0.648455 0.0129033
694.627 0.679382 0.0127235
694.951 0.708538 0.0134047
695.276 0.710275 0.014488
695.6 0.634991 0.0143434
695.925 0.607284 0.0127614
696.249 0.643107 0.0114953
696.574 0.680326 0.010899
696.898 0.721476 0.0114739
697.222 0.679104 0.011747
697.546 0.662975 0.0121199
697.871 0.642405 0.0123109
698.195 0.670027 0.012715
698.519 0.661311 0.0128754
698.843 0.67743 0.0133393
699.167 0.670417 0.0137687
699.491 0.674844 0.0143041
699.814 0.643945 0.0143102
700.138 0.676529 0.0146326
700.462 0.687276 0.0148785
700.786 0.663469 0.01464
701.109 0.647816 0.0141443
701.433 0.655456 0.0136344
701.756 0.67091 0.013356
702.08 0.686419 0.0134233
702.403 0.667924 0.013358
702.726 0.693157 0.0141649
703.05 0.663314 0.0143226
703.373 0.66179 0.0145931
703.696 0.674134 0.0147073
704.019 0.696413 0.0154087
704.342 0.697866 0.0158996
704.665 0.674932 0.0162172
704.988 0.688939 0.0165751
705.311 0.635568 0.0151884
705.634 0.647212 0.0140021
705.957 0.671739 0.0127525
706.28 0.672881 0.011765
706.602 0.702842 0.0116427
706.925 0.693485 0.0116733
707.247 0.680123 0.0119974
707.57 0.668565 0.0124586
707.892 0.656371 0.0126465
708.215 0.667553 0.0133344
708.537 0.645235 0.0136477
708.859 0.653908 0.0140059
709.182 0.679119 0.0141948
709.504 0.658883 0.0134769
709.826 0.678554 0.0133944
710.148 0.677848 0.0134808
710.47 0.68865 0.0139304
710.792 0.674083 0.0142016
711.114 0.679058 0.0146834
711.436 0.656464 0.0149391
711.758 0.658852 0.01478
712.079 0.671004 0.0147288
712.401 0.670231 0.0142454
712.723 0.654502 0.0133857
713.044 0.658569 0.0127913
713.366 0.672475 0.0125808
713.687 0.67894 0.0125968
714.009 0.682334 0.0130695
714.33 0.661836 0.0130982
714.652 0.67467 0.0136214
714.973 0.67673 0.0140803
715.294 0.685647 0.0148163
715.615 0.670311 0.0155483
715.936 0.638375 0.0155687
716.257 0.679332 0.0163387
716.578 0.65985 0.0162004
716.899 0.660505 0.0159894
717.22 0.659531 0.0149083
717.541 0.674442 0.0146772
717.862 0.696927 0.0145776
718.182 0.673824 0.0145552
718.503 0.648669 0.0139025
718.824 0.684325 0.0144655
719.144 0.707833 0.0148871
719.465 0.662343 0.0147964
719.785 0.647627 0.014514
720.105 0.6582 0.0142214
720.426 0.675956 0.0142833
720.746 0.689746 0.0146346
721.066 0.664724 0.0144335
721.386 0.699618 0.0149811
721.706 0.680983 0.0151812
722.026 0.673897 0.0152809
722.346 0.67577 0.0155818
722.666 0.655033 0.0152259
722.986 0.686514 0.0152604
723.306 0.692125 0.0153745
723.626 0.694988 0.0156942
723.946 0.65429 0.0152477
724.265 0.635843 0.0144118
724.585 0.67783 0.0141167
724.904 0.66417 0.0135788
725.224 0.687955 0.0139416
725.543 0.682715 0.0138685
725.863 0.674919 0.0138081
726.182 0.664984 0.0140515
726.501 0.671166 0.0146814
726.82 0.662613 0.0147089
727.14 0.638717 0.0139126
727.459 0.670964 0.0139436
727.778 0.679969 0.0138174
728.097 0.676897 0.0139754
728.416 0.658303 0.0136043
728.734 0.658311 0.0132837
729.053 0.676505 0.013249
729.372 0.684881 0.0133218
729.691 0.651361 0.012731
730.009 0.651401 0.0120404
730.328 0.660451 0.0117418
730.647 0.677948 0.0118497
730.965 0.680206 0.0121584
731.283 0.680629 0.0126425
731.602 0.657535 0.0127488
731.92 0.646773 0.0125479
732.238 0.651198 0.0122561
732.557 0.646629 0.0118999
732.875 0.659215 0.0119648
733.193 0.644778 0.0111981
733.511 0.677836 0.0110438
733.829 0.67927 0.0111536
734.147 0.709596 0.0121074
734.465 0.667128 0.0124307
734.782 0.632946 0.0121016
735.1 0.66157 0.0122146
735.418 0.664231 0.0121162
735.735 0.644466 0.0118568
736.053 0.647109 0.0119533
736.371 0.658752 0.0120173
736.688 0.68634 0.0126143
737.005 0.678626 0.0132933
737.323 0.657539 0.0137354
737.64 0.648935 0.0138396
737.957 0.639106 0.0132768
738.274 0.645105 0.0121497
738.592 0.683235 0.0119511
738.909 0.698088 0.0122232
739.226 0.714191 0.0134
739.543 0.656548 0.0138698
739.86 0.641608 0.0143691
740.176 0.656259 0.0151409
740.493 0.684353 0.0161649
740.81 0.672999 0.0162706
741.127 0.640816 0.0155179
741.443 0.667663 0.0153383
741.76 0.690198 0.014857
742.076 0.685008 0.0147207
742.393 0.698822 0.0153889
742.709 0.68299 0.0161102
743.025 0.678666 0.0167159
743.342 0.653255 0.0162224
743.658 0.656618 0.0160162
743.974 0.66403 0.0157759
744.29 0.689619 0.0157802
744.606 0.695324 0.0161454
744.922 0.656874 0.0158292
745.238 0.668835 0.0159911
745.554 0.652295 0.0160554
745.87 0.641865 0.0160731
746.186 0.663651 0.0159512
746.501 0.672095 0.0154719
746.817 0.700257 0.0156673
747.132 0.702059 0.0166246
747.448 0.692696 0.0173825
747.763 0.67744 0.017285
748.079 0.628665 0.0160668
748.394 0.658025 0.0152725
748.71 0.653214 0.0142059
749.025 0.65227 0.0132214
749.34 0.658118 0.0129966
749.655 0.680916 0.0133045
749.97 0.689183 0.0139161
750.285 0.633445 0.0135315
750.6 0.645602 0.0135171
750.915 0.640294 0.0129581
751.23 0.658389 0.0132614
751.545 0.656058 0.0136257
751.859 0.644459 0.014167
752.174 0.633161 0.0145563
752.489 0.608256 0.0135338
752.803 0.637441 0.0130869
753.118 0.658669 0.0130214
753.432 0.654152 0.013252
753.747 0.655453 0.0138586
754.061 0.629995 0.0133352
754.375 0.621871 0.0126672
754.689 0.63386 0.0124177
755.004 0.658246 0.0124336
755.318 0.639157 0.012098
755.632 0.633599 0.0115585
755.946 0.643072 0.011341
756.26 0.646316 0.0109781
756.573 0.630373 0.01023
756.887 0.638653 0.00999367
757.201 0.664622 0.0102254
757.515 0.657476 0.0109969
757.828 0.627341 0.011587
758.142 0.56874 0.0111657
758.455 0.563676 0.0104415
758.769 0.615983 0.0103076
759.082 0.641552 0.0103247
759.396 0.626559 0.00997121
759.709 0.624725 0.00986443
760.022 0.628892 0.00984288
760.335 0.656765 0.0105055
760.648 0.633065 0.0109748
760.962 0.621207 0.0116985
761.275 0.597644 0.0121765
761.587 0.596283 0.0124573
761.9 0.61373 0.0127284
762.213 0.591538 0.0121177
762.526 0.612439 0.0118781
762.839 0.650771 0.01219
763.151 0.613207 0.0115399
763.464 0.602415 0.0108547
763.776 0.622314 0.0103165
764.089 0.647398 0.0100792
764.401 0.648869 0.0103612
764.714 0.632119 0.0107548
765.026 0.623266 0.0113762
765.338 0.60147 0.0118728
765.65 0.628632 0.0131379
765.962 0.603944 0.0135635
766.275 0.604524 0.0141436
766.587 0.590716 0.0141663
766.898 0.585761 0.0137277
767.21 0.613323 0.0134483
767.522 0.620604 0.0124627
767.834 0.642101 0.0120579
768.146 0.655804 0.0122208
768.457 0.651059 0.0126481
768.769 0.630047 0.0131279
769.08 0.592107 0.0130477
769.392 0.591971 0.0126551
769.703 0.59352 0.0120101
770.015 0.609299 0.0116718
770.326 0.640495 0.0118802
770.637 0.646012 0.0122995
770.948 0.637967 0.0130567
771.26 0.608205 0.0136419
771.571 0.587364 0.0136366
771.882 0.597668 0.0137343
772.193 0.611664 0.0135686
772.504 0.627946 0.0139527
772.814 0.629974 0.0145323
773.125 0.616794 0.0145987
773.436 0.617298 0.0149386
773.747 0.623055 0.0155099
774.057 0.643784 0.0161951
774.368 0.628735 0.0160627
774.678 0.640852 0.0166075
774.989 0.629268 0.0169231
775.299 0.632233 0.0174249
775.609 0.639697 0.0175375
775.919 0.630644 0.017224
776.23 0.637165 0.0171113
776.54 0.66423 0.0177451
776.85 0.645443 0.0173441
777.16 0.63047 0.0170316
777.47 0.615344 0.0160861
777.78 0.642795 0.0154924
778.089 0.634985 0.0145449
778.399 0.658307 0.0147699
778.709 0.652337 0.0150016
779.019 0.645768 0.0157804
779.328 0.629917 0.0165881
779.638 0.573157 0.0158918
779.947 0.572741 0.0148872
780.257 0.614411 0.0138923
780.566 0.640508 0.0135175
780.875 0.623675 0.013377
781.185 0.621085 0.0140293
781.494 0.607648 0.0144024
781.803 0.590834 0.0142935
782.112 0.588147 0.014646
782.421 0.60274 0.0147216
782.73 0.603522 0.0144318
783.039 0.616179 0.0146092
783.348 0.620611 0.0153879
783.656 0.630999 0.0168708
783.965 0.573934 0.0163161
784.274 0.583991 0.0161056
784.582 0.615039 0.0159927
784.891 0.641083 0.0160198
785.199 0.618488 0.0158386
785.508 0.626916 0.0165736
785.816 0.629286 0.0168928
786.124 0.593192 0.0163838
786.432 0.579745 0.0151904
786.741 0.608278 0.0149847
787.049 0.627207 0.0150317
787.357 0.595398 0.014613
787.665 0.574786 0.0142886
787.973 0.618026 0.0149611
788.281 0.624284 0.0155137
788.588 0.622078 0.0161149
788.896 0.597756 0.0167519
789.204 0.569402 0.0168633
789.511 0.599221 0.0175995
789.819 0.583125 0.0174426
790.126 0.573896 0.0174364
790.434 0.600891 0.0179741
790.741 0.628446 0.0185299
791.049 0.61205 0.0180508
791.356 0.62686 0.0187556
791.663 0.636929 0.0198693
791.97 0.607813 0.0190185
792.277 0.634893 0.0200716
792.584 0.607957 0.0182591
792.891 0.570088 0.0155409
793.198 0.592045 0.0145749
793.505 0.601805 0.0143044
793.812 0.608696 0.0145462
794.119 0.587536 0.0147151
794.425 0.578995 0.0148847
794.732 0.589384 0.0156737
795.038 0.612916 0.017708
795.345 0.570596 0.0183785
795.651 0.548487 0.019023
795.958 0.570733 0.019655
796.264 0.577202 0.0190246
796.57 0.595136 0.0182339
796.876 0.610307 0.0179906
797.183 0.630543 0.0187295
797.489 0.609734 0.0191367
797.795 0.601794 0.019188
798.101 0.63891 0.0200025
798.406 0.619128 0.0195075
798.712 0.590066 0.0192724
799.018 0.592627 0.0199981
799.324 0.612077 0.0204905
799.629 0.626019 0.0209242
799.935 0.640552 0.0212038
800.24 0.648538 0.0214881
800.546 0.665946 0.021589
800.851 0.658509 0.0223874
801.157 0.656348 0.0226565
801.462 0.60034 0.0219967
801.767 0.648971 0.0231211
802.072 0.608621 0.0215525
802.377 0.635115 0.0212753
802.682 0.651271 0.0210078
802.987 0.599105 0.0202427
803.292 0.616148 0.0216889
803.597 0.626229 0.0222233
803.902 0.652301 0.0227632
804.207 0.606888 0.0213331
804.511 0.581259 0.0205183
804.816 0.598105 0.020183
805.12 0.590806 0.0186464
805.425 0.584265 0.0174068
805.729 0.593955 0.0174448
806.034 0.569271 0.017605
806.338 0.598945 0.018741
806.642 0.582203 0.0192426
806.946 0.540742 0.0184986
807.251 0.591558 0.0193561
807.555 0.597815 0.019386
807.859 0.585248 0.0190294
808.162 0.584031 0.0190982
808.466 0.581474 0.0198007
808.77 0.599069 0.0205416
809.074 0.581139 0.0207044
809.378 0.613507 0.0217179
809.681 0.601138 0.0219097
809.985 0.634767 0.0223914
810.288 0.575384 0.0210106
810.592 0.662093 0.0233062
810.895 0.662613 0.0234479
811.198 0.599205 0.0227091
811.502 0.665481 0.0254915
811.805 0.594781 0.0237072
812.108 0.641355 0.0252034
812.411 0.63775 0.0239185
812.714 0.604729 0.0211031
813.017 0.594859 0.0198079
813.32 0.609343 0.0200045
813.623 0.584328 0.0198074
813.926 0.625201 0.0224358
814.228 0.623156 0.0233155
814.531 0.606691 0.0236864
814.833 0.578127 0.0233717
815.136 0.638145 0.0246084
815.438 0.624871 0.0248842
815.741 0.632378 0.0247213
816.043 0.632653 0.024366
816.345 0.597402 0.0227893
816.648 0.634222 0.023664
816.95 0.65352 0.0243554
817.252 0.621981 0.0243253
817.554 0.635388 0.0246478
817.856 0.653999 0.0255666
818.158 0.657555 0.0262921
818.46 0.68165 0.0273923
818.761 0.654212 0.0263259
819.063 0.646417 0.0261324
819.365 0.653271 0.0259222
819.666 0.600526 0.0234256
819.968 0.639552 0.023389
820.269 0.617927 0.0220468
820.571 0.640499 0.0230604
820.872 0.619715 0.0234767
821.173 0.679195 0.025616
821.475 0.609511 0.0247668
821.776 0.631339 0.0254523
822.077 0.64075 0.0257724
822.378 0.638432 0.0252659
822.679 0.662204 0.0264183
822.98 0.658927 0.0268125
823.281 0.685142 0.027866
823.581 0.712846 0.0282358
823.882 0.730492 0.0291691
824.183 0.629925 0.0263988
824.483 0.618294 0.0256198
824.784 0.624659 0.0243042
825.084 0.644307 0.0249408
825.385 0.577043 0.0232313
825.685 0.638572 0.0253501
825.985 0.629392 0.025879
826.286 0.653164 0.0262357
826.586 0.621591 0.0247203
826.886 0.622582 0.0246059
827.186 0.632098 0.0244682
827.486 0.661323 0.0259995
827.786 0.687855 0.0274541
828.086 0.635312 0.0267044
828.386 0.644854 0.0259733
828.685 0.631411 0.0256928
828.985 0.676761 0.0275124
829.285 0.685761 0.0277873
829.584 0.663599 0.0274571
829.884 0.674974 0.0285581
830.183 0.64169 0.0280468
830.482 0.748792 0.0314743
830.782 0.722256 0.0311984
831.081 0.851953 0.0358467
831.38 0.760565 0.0331528
831.679 0.678925 0.0291575
831.978 0.649981 0.0285176
832.277 0.664723 0.0282974
832.576 0.726694 0.0299087
832.875 0.737354 0.0303618
833.174 0.638344 0.0276324
833.472 0.7611 0.0312349
833.771 0.719639 0.0297039
834.07 0.685632 0.0283826
834.368 0.670768 0.0282374
834.667 0.717579 0.0298064
834.965 0.681189 0.0296133
835.263 0.741311 0.0311445
835.562 0.716627 0.0303359
835.86 0.732225 0.0307167
836.158 0.73428 0.0317013
836.456 0.750602 0.0336184
836.754 0.641628 0.0293975
837.052 0.727866 0.0321637
837.35 0.720181 0.0315115
837.648 0.775935 0.0342691
837.946 0.762564 0.0328013
838.243 0.755611 0.0335198
838.541 0.708656 0.032258
838.839 0.734658 0.0315182
839.136 0.749585 0.0324651
839.434 0.752439 0.032468
839.731 0.705422 0.0304713
840.028 0.736512 0.033215
840.326 0.703279 0.0310945
840.623 0.744041 0.0328422
840.92 0.744424 0.0330421
841.217 0.793955 0.0355801
841.514 0.75994 0.0338827
841.811 0.741837 0.0329273
842.108 0.719679 0.0326067
842.405 0.745899 0.0335416
842.701 0.771038 0.0330101
842.998 0.78566 0.0345838
843.295 0.676559 0.0315478
843.591 0.726512 0.0334464
843.888 0.740233 0.0336954
844.184 0.752132 0.0344399
844.481 0.759454 0.0337472
844.777 0.776891 0.03568
845.073 0.814829 0.0359868
845.369 0.76388 0.0340391
845.665 0.79771 0.0356875
845.962 0.774808 0.0349016
846.258 0.808634 0.0363208
846.553 0.88059 0.0385512
846.849 0.780335 0.0350901
847.145 0.717467 0.0330897
847.441 0.781082 0.0350233
847.737 0.802692 0.0365385
848.032 0.780105 0.0345487
848.328 0.759201 0.0341201
848.623 1.02319 0.0434014
848.919 0.819777 0.0367794
849.214 0.780215 0.0352059
849.509 0.817813 0.0369025
849.805 0.813062 0.0359088
850.1 0.812203 0.0365442
850.395 0.81733 0.0376275
850.69 0.822898 0.0375467
850.985 0.771657 0.0346205
851.28 0.756951 0.034974
851.575 0.775286 0.0347435
851.869 0.79427 0.0353138
852.164 0.729179 0.0333296
852.459 0.721182 0.0318156
852.753 0.694131 0.0305379
853.048 0.617119 0.0281739
853.342 0.613513 0.0270061
853.637 0.644642 0.0282833
853.931 0.648449 0.0283577
854.225 0.644026 0.0285062
854.52 0.650387 0.0287083
854.814 0.702286 0.030629
855.108 0.759064 0.033267
855.402 0.687166 0.0309005
855.696 0.758092 0.0331884
855.99 0.753999 0.0328843
856.283 0.669731 0.0308511
856.577 0.703179 0.0314409
856.871 0.718724 0.0315163
857.164 0.704342 0.0320802
857.458 0.776243 0.0345123
857.751 0.75632 0.0332013
858.045 0.81139 0.036075
858.338 0.748811 0.0331999
858.632 0.819767 0.0363052
858.925 0.805733 0.0358838
859.218 0.790593 0.0357157
859.511 0.788729 0.0353261
859.804 0.786616 0.0361484
860.097 0.723948 0.0334899
860.39 0.848521 0.0372894
860.683 0.837504 0.0365656
860.976 0.883634 0.0387265
861.268 0.775062 0.0358979
861.561 0.777387 0.0358968
861.854 0.862117 0.0379493
862.146 0.813576 0.0372757
862.439 0.821929 0.0366258
862.731 0.726006 0.0346094
863.023 0.694331 0.033078
863.316 0.767109 0.0353368
863.608 0.674182 0.0314175
863.9 0.832827 0.038226
864.192 0.778618 0.0356106
864.484 0.859554 0.0381523
864.776 0.744398 0.0341467
865.068 0.771125 0.0363637
865.36 0.775129 0.035945
865.651 0.832853 0.0373233
865.943 0.838905 0.0383678
866.235 0.780959 0.0363264
866.526 0.857113 0.0388335
866.818 0.789834 0.0369667
867.109 0.889342 0.0395189
867.4 0.789739 0.0360337
867.692 0.751351 0.0353199
867.983 0.785071 0.0359912
868.274 0.759368 0.0350647
868.565 0.819844 0.0368455
868.856 0.845201 0.0380945
869.147 0.789114 0.0363504
869.438 0.86306 0.0399736
869.729 0.874791 0.0400804
870.02 0.829176 0.0385692
870.31 0.878203 0.0396049
870.601 0.811491 0.0366811
870.892 0.852825 0.0385271
871.182 0.850282 0.0390038
871.473 0.842527 0.03765
871.763 0.910093 0.0401054
872.053 0.821488 0.0376157
872.343 0.787131 0.0363026
872.634 0.83387 0.0390521
872.924 0.974934 0.0433462
873.214 0.814017 0.0378175
873.504 0.878998 0.0396864
873.794 0.786127 0.0370242
874.084 0.818202 0.0373986
874.373 0.930212 0.0411965
874.663 0.857493 0.0381462
874.953 0.92592 0.041353
875.242 0.846379 0.0389648
875.532 0.773642 0.0361641
875.821 0.885475 0.0401416
876.111 0.849304 0.0381695
876.4 0.782419 0.0359123
876.689 0.814887 0.0367705
876.978 0.863168 0.0387703
877.268 0.855534 0.0385157
877.557 0.828236 0.0378573
877.846 0.802974 0.0374886
878.134 0.865918 0.0399363
878.423 0.866077 0.0399436
878.712 0.866237 0.039951
