178.41 0.303434 0.0857898
178.791 0.305355 0.086333
179.172 0.307263 0.0868723
179.553 -0.0955256 -0.0383023
179.934 0.266543 0.266543
180.316 0.614651 0.614651
180.697 1.3051 1.3051
181.078 0.953437 0.953437
181.459 0.281823 0.281823
181.84 0.285595 0.285595
182.221 2.3865 2.3865
182.602 0.200316 0.0710896
182.983 -0.382111 -0.382111
183.364 0.730052 0.280168
183.744 0.840605 0.0979769
184.125 0.558444 0.0674884
184.506 0.533093 0.0584056
184.887 0.947483 0.0898219
185.268 0.894614 0.0767718
185.648 0.5192 0.0423854
186.029 0.573064 0.0428868
186.41 0.601049 0.041375
186.791 0.488166 0.0346986
187.171 0.618764 0.0359734
187.552 0.551671 0.0286882
187.932 0.510321 0.0252165
188.313 0.569469 0.0269506
188.694 0.48802 0.02335
189.074 0.57423 0.0253982
189.455 0.516385 0.0234461
189.835 0.551366 0.0240815
190.216 0.5309 0.0229045
190.596 0.517444 0.0222652
190.977 0.545081 0.0222917
191.357 0.559658 0.0228988
191.737 0.572909 0.0228732
192.118 0.585769 0.0234929
192.498 0.553496 0.021999
192.878 0.527787 0.0209119
193.258 0.526634 0.0211309
193.639 0.58755 0.0223461
194.019 0.556272 0.0213764
194.399 0.551607 0.0212059
194.779 0.598166 0.0220231
195.159 0.58302 0.0211281
195.54 0.559737 0.0204985
195.92 0.539072 0.0198246
196.3 0.533621 0.0197837
196.68 0.576581 0.0209493
197.06 0.532367 0.0197679
197.44 0.560981 0.0199839
197.82 0.528598 0.0192707
198.2 0.523833 0.0190541
198.58 0.520971 0.0183816
198.959 0.541745 0.0187047
199.339 0.52395 0.0182071
199.719 0.55455 0.0192704
200.099 0.518085 0.0178938
200.479 0.534952 0.018079
200.858 0.495721 0.0172086
201.238 0.53893 0.0181608
201.618 0.50465 0.0172734
201.998 0.505789 0.0170441
202.377 0.512386 0.0169963
202.757 0.499061 0.0164879
203.136 0.516494 0.0169495
203.516 0.511378 0.0166258
203.896 0.477656 0.0155712
204.275 0.491419 0.0159674
204.655 0.489226 0.0156241
205.034 0.492343 0.0155943
205.414 0.474991 0.0149022
205.793 0.4644 0.0146269
206.172 0.454224 0.0142586
206.552 0.446307 0.0141965
206.931 0.486582 0.0145719
207.31 0.463849 0.014048
207.69 0.449488 0.0135055
208.069 0.457234 0.0137173
208.448 0.466559 0.0135937
208.827 0.446154 0.0131862
209.207 0.445299 0.0128946
209.586 0.423781 0.0124007
209.965 0.444376 0.0127306
210.344 0.429638 0.0122493
210.723 0.431344 0.012074
211.102 0.422216 0.0117541
211.481 0.4264 0.0117637
211.86 0.427435 0.0116854
212.239 0.40062 0.0110785
212.618 0.415458 0.0111655
212.997 0.415689 0.0111582
213.376 0.410471 0.0107981
213.755 0.407177 0.0105951
214.134 0.402082 0.0104804
214.513 0.418952 0.010612
214.891 0.397562 0.0100937
215.27 0.403591 0.0100969
215.649 0.391946 0.00973777
216.028 0.400889 0.00977632
216.406 0.399963 0.00961282
216.785 0.409305 0.00965409
217.164 0.40161 0.00937148
217.542 0.397468 0.0091684
217.921 0.388129 0.00895164
218.3 0.40136 0.00910576
218.678 0.38988 0.00878518
219.057 0.399038 0.00879518
219.435 0.388752 0.00853973
219.814 0.399236 0.00853666
220.192 0.400317 0.0084129
220.57 0.395292 0.0082381
220.949 0.39494 0.00817882
221.327 0.404944 0.00809654
221.705 0.406012 0.00802803
222.084 0.400453 0.00783905
222.462 0.40973 0.00788287
222.84 0.421958 0.00787717
223.218 0.421437 0.00776265
223.597 0.415229 0.00755466
223.975 0.427219 0.00753022
224.353 0.421844 0.00736878
224.731 0.427751 0.00729769
225.109 0.430264 0.00726878
225.487 0.431844 0.00719111
225.865 0.446792 0.00719878
226.243 0.449305 0.0071209
226.621 0.447706 0.00699769
226.999 0.455794 0.00694523
227.377 0.461356 0.00690025
227.755 0.458006 0.00675322
228.133 0.463884 0.00671279
228.511 0.479023 0.00679983
228.889 0.479299 0.00667328
229.266 0.488828 0.00669255
229.644 0.48902 0.00655455
230.022 0.497301 0.00653841
230.4 0.498491 0.00647638
230.777 0.500967 0.00642854
231.155 0.51373 0.0064343
231.533 0.509022 0.00629359
231.91 0.518545 0.0062704
232.288 0.529915 0.00630562
232.665 0.525865 0.00620628
233.043 0.533189 0.00617767
233.42 0.547527 0.00622711
233.798 0.546286 0.006136
234.175 0.55536 0.00612765
234.553 0.564102 0.00614341
234.93 0.566342 0.00607549
235.307 0.567208 0.0060413
235.685 0.570825 0.00597874
236.062 0.58274 0.00599933
236.439 0.58547 0.00596861
236.816 0.587949 0.00590676
237.194 0.592391 0.0058722
237.571 0.59705 0.00586146
237.948 0.602606 0.00585688
238.325 0.605482 0.0058245
238.702 0.603982 0.00576615
239.079 0.605502 0.00572346
239.456 0.614757 0.00572423
239.833 0.616205 0.0056852
240.21 0.622739 0.00568361
240.587 0.629168 0.00566809
240.964 0.626437 0.0056209
241.341 0.6339 0.00561672
241.718 0.641053 0.00559855
242.095 0.638771 0.00556564
242.472 0.642533 0.00553185
242.849 0.647088 0.00554365
243.225 0.643785 0.00545773
243.602 0.654961 0.00550571
243.979 0.655124 0.00549526
244.356 0.654606 0.00543808
244.732 0.658505 0.00540241
245.109 0.665554 0.00542051
245.486 0.664977 0.00537369
245.862 0.666072 0.00537234
246.239 0.673011 0.0053658
246.615 0.671694 0.00532622
246.992 0.671318 0.00529556
247.368 0.675539 0.00528846
247.745 0.675916 0.00526296
248.121 0.672061 0.00519517
248.497 0.68133 0.00524522
248.874 0.687 0.00523927
249.25 0.680983 0.00516348
249.626 0.677513 0.00513222
250.003 0.686946 0.00514445
250.379 0.687801 0.00511508
250.755 0.687753 0.00509358
251.131 0.687572 0.00506456
251.507 0.693732 0.0050989
251.884 0.685535 0.00501527
252.26 0.691649 0.00503647
252.636 0.691507 0.00499631
253.012 0.696841 0.00499736
253.388 0.693747 0.00496443
253.764 0.696628 0.00495906
254.14 0.696752 0.00494959
254.516 0.699828 0.00494523
254.892 0.701638 0.00494698
255.268 0.70113 0.00492352
255.643 0.701728 0.00491178
256.019 0.698181 0.00486963
256.395 0.69703 0.00486953
256.771 0.703377 0.00486441
257.147 0.706251 0.00486341
257.522 0.707638 0.00487319
257.898 0.708093 0.00485012
258.274 0.703944 0.00483252
258.649 0.708703 0.00483678
259.025 0.703997 0.00479791
259.4 0.70445 0.004789
259.776 0.709069 0.00480326
260.151 0.713301 0.00482291
260.527 0.713162 0.00481441
260.902 0.707315 0.00476823
261.278 0.713847 0.00478115
261.653 0.708826 0.00476678
262.028 0.710708 0.00477356
262.404 0.715474 0.00478526
262.779 0.714649 0.00476403
263.154 0.713759 0.00474832
263.53 0.713513 0.00472919
263.905 0.713354 0.00474175
264.28 0.713702 0.00474737
264.655 0.717969 0.00474886
265.03 0.714711 0.00475651
265.405 0.715277 0.00474114
265.781 0.714396 0.00472167
266.156 0.721027 0.00476392
266.531 0.713282 0.00471012
266.906 0.713957 0.00471645
267.281 0.710852 0.00468491
267.655 0.718822 0.00474635
268.03 0.709468 0.00469868
268.405 0.717971 0.00473551
268.78 0.722054 0.00475474
269.155 0.716076 0.00471202
269.53 0.71141 0.00469907
269.904 0.720894 0.00472861
270.279 0.719709 0.00474217
270.654 0.716321 0.00470778
271.029 0.718764 0.0047291
271.403 0.718208 0.00472684
271.778 0.716007 0.00471462
272.152 0.718074 0.00472828
272.527 0.719015 0.00472698
272.901 0.722917 0.00473101
273.276 0.718784 0.00470872
273.65 0.715964 0.00468778
274.025 0.729637 0.00476294
274.399 0.721725 0.00474038
274.774 0.720821 0.00471809
275.148 0.723581 0.00471838
275.522 0.71553 0.00467962
275.897 0.719751 0.00471336
276.271 0.722826 0.0047259
276.645 0.724715 0.00471795
277.019 0.727999 0.00473186
277.393 0.725484 0.00471029
277.768 0.724117 0.00472414
278.142 0.7165 0.00468032
278.516 0.724432 0.00474237
278.89 0.721296 0.00470977
279.264 0.726093 0.00474035
279.638 0.718449 0.00469364
280.012 0.71925 0.00469063
280.386 0.720032 0.00472232
280.76 0.719018 0.00470134
281.133 0.730786 0.00474452
281.507 0.722724 0.00471127
281.881 0.722756 0.00470613
282.255 0.723659 0.00471963
282.629 0.725606 0.00473623
283.002 0.724778 0.00473152
283.376 0.728796 0.00474191
283.75 0.724397 0.00474034
284.123 0.72537 0.00473538
284.497 0.724335 0.00473924
284.87 0.72342 0.00473894
285.244 0.725238 0.00472938
285.618 0.725431 0.00474004
285.991 0.727381 0.00476754
286.364 0.731505 0.00478882
286.738 0.720952 0.00474471
287.111 0.72207 0.0047298
287.485 0.724089 0.00476105
287.858 0.726682 0.00477998
288.231 0.724442 0.00478193
288.605 0.726828 0.00479855
288.978 0.726901 0.00478056
289.351 0.727814 0.00480521
289.724 0.727387 0.0048223
290.097 0.726366 0.00481096
290.47 0.732274 0.00484488
290.843 0.72532 0.00481754
291.217 0.724362 0.00483009
291.59 0.736723 0.00490082
291.963 0.728966 0.00486355
292.336 0.726109 0.00486698
292.708 0.727772 0.00486933
293.081 0.722591 0.00486113
293.454 0.730486 0.00489481
293.827 0.730545 0.00491071
294.2 0.732585 0.00494095
294.573 0.72754 0.00490923
294.945 0.731517 0.00495431
295.318 0.722428 0.00489977
295.691 0.729405 0.00495006
296.064 0.730135 0.00495748
296.436 0.729453 0.00496117
296.809 0.732893 0.00497497
297.181 0.727526 0.00497167
297.554 0.731367 0.00499832
297.926 0.728138 0.00498691
298.299 0.72902 0.00499317
298.671 0.726891 0.00496619
299.044 0.73809 0.00503101
299.416 0.726339 0.00498199
299.788 0.729718 0.00500038
300.161 0.725465 0.00499148
300.533 0.730917 0.0050131
300.905 0.724715 0.00496764
301.278 0.728663 0.004989
301.65 0.725556 0.00497622
302.022 0.725915 0.00499906
302.394 0.731247 0.00502671
302.766 0.729703 0.00501028
303.138 0.730991 0.00503436
303.51 0.72258 0.004971
303.882 0.727994 0.00501273
304.254 0.726815 0.00499456
304.626 0.723571 0.00497822
304.998 0.72827 0.00499011
305.37 0.726444 0.00501329
305.742 0.721268 0.00497762
306.114 0.726054 0.00499955
306.485 0.729214 0.00500033
306.857 0.723626 0.00497767
307.229 0.721275 0.00498012
307.601 0.724173 0.00500136
307.972 0.723769 0.00499471
308.344 0.727129 0.00500899
308.716 0.732354 0.00505466
309.087 0.723602 0.00500034
309.459 0.720268 0.00500119
309.83 0.721983 0.0050038
310.202 0.720377 0.00498567
310.573 0.722524 0.00499313
310.945 0.728332 0.00503469
311.316 0.722641 0.00502213
311.687 0.721597 0.00499706
312.059 0.721724 0.00500839
312.43 0.725812 0.00502868
312.801 0.715165 0.00497804
313.172 0.724517 0.00503141
313.544 0.725341 0.00503332
313.915 0.722538 0.00501767
314.286 0.720543 0.00501231
314.657 0.716771 0.00498987
315.028 0.716461 0.00500006
315.399 0.721471 0.00502008
315.77 0.720559 0.00501601
316.141 0.719076 0.0050138
316.512 0.720834 0.00502252
316.883 0.721056 0.00504816
317.254 0.720256 0.00504099
317.625 0.712879 0.00502482
317.996 0.721744 0.00504442
318.366 0.721804 0.00505402
318.737 0.71782 0.00503535
319.108 0.718219 0.00504383
319.478 0.720843 0.00507038
319.849 0.709164 0.00501348
320.22 0.725564 0.00508605
320.59 0.715924 0.00504974
320.961 0.716858 0.00506638
321.331 0.718496 0.0050604
321.702 0.720566 0.00511127
322.072 0.715533 0.00508648
322.443 0.71963 0.00510729
322.813 0.715063 0.00507916
323.184 0.716848 0.00510918
323.554 0.71076 0.00508772
323.924 0.705994 0.00505973
324.295 0.716387 0.00512392
324.665 0.712962 0.0051175
325.035 0.709291 0.00509135
325.405 0.712624 0.00512008
325.775 0.717761 0.00517034
326.145 0.713716 0.00515228
326.515 0.714807 0.00518866
326.886 0.713117 0.00518272
327.256 0.706357 0.00515903
327.626 0.704987 0.00519409
327.995 0.691781 0.00516396
328.365 0.69167 0.00516967
328.735 0.686346 0.0051712
329.105 0.700557 0.00526698
329.475 0.727454 0.00541597
329.845 0.745659 0.00550185
330.215 0.762825 0.00555223
330.584 0.747772 0.00543614
330.954 0.74413 0.0053538
331.324 0.719579 0.0051441
331.693 0.699199 0.00499145
332.063 0.693186 0.00493998
332.432 0.694971 0.00491429
332.802 0.691939 0.00490275
333.171 0.702777 0.00498712
333.541 0.706347 0.00508747
333.91 0.70473 0.00512017
334.28 0.708917 0.00517413
334.649 0.702561 0.00516386
335.018 0.705721 0.0051884
335.388 0.705615 0.00520039
335.757 0.708121 0.00520604
336.126 0.70691 0.00522162
336.495 0.707161 0.00522545
336.865 0.70251 0.00521615
337.234 0.708975 0.00527507
337.603 0.703713 0.00524064
337.972 0.706415 0.00526711
338.341 0.702901 0.0052389
338.71 0.704752 0.00525876
339.079 0.700928 0.00525127
339.448 0.703402 0.00524091
339.817 0.701529 0.00524444
340.186 0.702005 0.00525613
340.554 0.705574 0.00528461
340.923 0.702271 0.00526242
341.292 0.705999 0.00530486
341.661 0.698712 0.00526297
342.029 0.700211 0.00526284
342.398 0.703692 0.00529922
342.767 0.705996 0.00532732
343.135 0.696897 0.00526088
343.504 0.699878 0.00530848
343.872 0.69771 0.00527028
344.241 0.697299 0.0052709
344.609 0.697612 0.00528897
344.978 0.699169 0.00530107
345.346 0.700694 0.00529186
345.715 0.701769 0.00531649
346.083 0.696905 0.00529649
346.451 0.701508 0.00533177
346.82 0.690257 0.00528413
347.188 0.698752 0.00531105
347.556 0.693145 0.00530701
347.924 0.691116 0.00527263
348.292 0.7014 0.00538146
348.66 0.694663 0.00534153
349.028 0.696779 0.00533429
349.396 0.692608 0.00532768
349.764 0.693094 0.00532589
350.132 0.694882 0.00536192
350.5 0.688526 0.00531703
350.868 0.697004 0.0053864
351.236 0.696764 0.00537351
351.604 0.697015 0.00539238
351.972 0.697662 0.00540275
352.34 0.698007 0.00540302
352.707 0.694677 0.00539206
353.075 0.686552 0.00534826
353.443 0.690793 0.005383
353.81 0.689426 0.00539939
354.178 0.6891 0.00539913
354.545 0.690368 0.00538382
354.913 0.689857 0.00539989
355.28 0.683514 0.0053655
355.648 0.686523 0.00538904
356.015 0.693205 0.00543344
356.383 0.691026 0.00541554
356.75 0.687641 0.00542097
357.117 0.687407 0.00541804
357.485 0.69047 0.00544941
357.852 0.683905 0.00541856
358.219 0.692381 0.00545808
358.586 0.687484 0.00543374
358.954 0.683893 0.00542829
359.321 0.680436 0.00541842
359.688 0.690533 0.00547628
360.055 0.682002 0.00543243
360.422 0.682563 0.00542843
360.789 0.682789 0.00545479
361.156 0.682102 0.00545069
361.523 0.686917 0.00549116
361.89 0.684833 0.0054833
362.256 0.68235 0.00543828
362.623 0.681961 0.00548103
362.99 0.684396 0.00551283
363.357 0.679124 0.00548481
363.724 0.682383 0.00549015
364.09 0.686779 0.00551657
364.457 0.689532 0.0055525
364.823 0.68192 0.00548458
365.19 0.6783 0.00546584
365.557 0.686904 0.00552307
365.923 0.678868 0.00549139
366.29 0.674075 0.0054788
366.656 0.680249 0.00551072
367.022 0.678956 0.00547706
367.389 0.690008 0.00555768
367.755 0.6782 0.00549924
368.121 0.682584 0.00554805
368.488 0.68014 0.00553056
368.854 0.677761 0.00552303
369.22 0.683759 0.00558875
369.586 0.68145 0.00559263
369.952 0.678059 0.00558744
370.318 0.678267 0.00560578
370.684 0.682023 0.00563826
371.051 0.676049 0.00560331
371.416 0.678506 0.00564265
371.782 0.67384 0.0056052
372.148 0.672205 0.00560974
372.514 0.674407 0.00564246
372.88 0.673847 0.00563334
373.246 0.672051 0.0056431
373.612 0.67632 0.00564929
373.977 0.668263 0.00559516
374.343 0.668838 0.00559361
374.709 0.679348 0.00561911
375.074 0.675506 0.00562411
375.44 0.67588 0.00563914
375.806 0.677878 0.00567556
376.171 0.670204 0.00563843
376.537 0.673105 0.00563117
376.902 0.67831 0.00567789
377.268 0.675837 0.00564516
377.633 0.67388 0.00562489
377.998 0.665126 0.00554845
378.364 0.671401 0.00555461
378.729 0.668461 0.00553246
379.094 0.669307 0.00555504
379.459 0.675551 0.00564887
379.825 0.664955 0.00560438
380.19 0.665858 0.00561099
380.555 0.674394 0.0056973
380.92 0.674073 0.00573973
381.285 0.674773 0.00576813
381.65 0.665486 0.00569489
382.015 0.664989 0.0056701
382.38 0.671288 0.00572319
382.745 0.670846 0.00576736
383.11 0.66791 0.00574436
383.474 0.66681 0.00574182
383.839 0.663937 0.00572837
384.204 0.669671 0.00577979
384.569 0.663271 0.00574897
384.933 0.666734 0.0057755
385.298 0.660414 0.00578762
385.663 0.670894 0.00584563
386.027 0.66197 0.0057693
386.392 0.664232 0.00576023
386.756 0.663956 0.00572203
387.121 0.664219 0.00572931
387.485 0.655076 0.00564351
387.849 0.655167 0.00560792
388.214 0.667583 0.00574038
388.578 0.660902 0.00571125
388.942 0.664684 0.00579495
389.307 0.660981 0.00575127
389.671 0.665996 0.00580628
390.035 0.657932 0.00573959
390.399 0.657462 0.00573944
390.763 0.65455 0.00569726
391.127 0.654921 0.00565586
391.492 0.650614 0.00557786
391.856 0.64996 0.0055266
392.219 0.65455 0.0054724
392.583 0.668444 0.00556878
392.947 0.671447 0.00566493
393.311 0.66725 0.00571964
393.675 0.659884 0.00571316
394.039 0.654811 0.00570593
394.403 0.662368 0.00576028
394.766 0.667583 0.00582044
395.13 0.657503 0.00578064
395.494 0.656891 0.00576999
395.857 0.653621 0.0057521
396.221 0.651787 0.00571609
396.584 0.653466 0.00568696
396.948 0.650901 0.00561601
397.311 0.644094 0.00550156
397.675 0.651778 0.00550114
398.038 0.654039 0.00549379
398.401 0.666854 0.00562268
398.765 0.670131 0.00572081
399.128 0.662308 0.00577137
399.491 0.66432 0.00581904
399.854 0.650465 0.00578065
400.218 0.653612 0.00578295
400.581 0.655776 0.00585314
400.944 0.653854 0.00583681
401.307 0.659006 0.00595827
401.67 0.654581 0.00592267
402.033 0.650126 0.00590717
402.396 0.648066 0.00590261
402.759 0.644524 0.00588416
403.122 0.643944 0.00587554
403.485 0.650071 0.00589416
403.847 0.641355 0.00581911
404.21 0.649704 0.00582908
404.573 0.651387 0.00581292
404.936 0.639872 0.00570936
405.298 0.649688 0.0058268
405.661 0.66729 0.00599257
406.023 0.65744 0.00601667
406.386 0.648292 0.00598872
406.749 0.651525 0.00605703
407.111 0.654281 0.0060999
407.473 0.641679 0.00595716
407.836 0.64247 0.00591115
408.198 0.646042 0.00591373
408.561 0.65298 0.00594687
408.923 0.63883 0.00586113
409.285 0.644593 0.00587948
409.647 0.651129 0.00599621
410.009 0.656395 0.00607579
410.372 0.650224 0.00604653
410.734 0.650285 0.00607724
411.096 0.64759 0.00606091
411.458 0.650891 0.00607874
411.82 0.642633 0.00599883
412.182 0.635688 0.00590645
412.544 0.642932 0.00596359
412.906 0.643549 0.00596568
413.267 0.645001 0.00596026
413.629 0.64974 0.00604374
413.991 0.647903 0.00606775
414.353 0.648941 0.00608085
414.714 0.650877 0.00616917
415.076 0.639694 0.00609637
415.438 0.640319 0.00609319
415.799 0.639289 0.00605328
416.161 0.642449 0.00612673
416.522 0.645527 0.00617969
416.884 0.638333 0.00614703
417.245 0.644642 0.0061884
417.607 0.636904 0.0061411
417.968 0.641629 0.00618694
418.329 0.637526 0.00612267
418.691 0.641892 0.00614947
419.052 0.63891 0.00612577
419.413 0.638411 0.00611
419.774 0.633954 0.00604809
420.135 0.627326 0.00590068
420.497 0.628645 0.005812
420.858 0.631813 0.00574568
421.219 0.645862 0.00579402
421.58 0.641459 0.00582163
421.941 0.64194 0.00589506
422.302 0.647853 0.00604436
422.662 0.648281 0.00607832
423.023 0.635477 0.00605046
423.384 0.635983 0.00607687
423.745 0.636957 0.00606078
424.106 0.634983 0.00605189
424.466 0.627774 0.00596806
424.827 0.636056 0.00605583
425.187 0.650122 0.00624145
425.548 0.652378 0.00632967
425.909 0.638692 0.00628311
426.269 0.628108 0.00618939
426.63 0.633992 0.00619512
426.99 0.630223 0.00610389
427.35 0.63644 0.00615999
427.711 0.630325 0.00612628
428.071 0.620362 0.00602077
428.431 0.61495 0.00589825
428.792 0.619592 0.00573389
429.152 0.616736 0.00555144
429.512 0.626204 0.00556052
429.872 0.635825 0.00561586
430.232 0.642184 0.00570105
430.592 0.653457 0.00591934
430.952 0.649807 0.00607869
431.312 0.65129 0.00622024
431.672 0.643373 0.00630848
432.032 0.634011 0.00626842
432.392 0.626612 0.00618601
432.752 0.602112 0.00579058
433.111 0.609163 0.00565221
433.471 0.629594 0.00577676
433.831 0.659114 0.00614915
434.19 0.639728 0.00608017
434.55 0.63783 0.00606046
434.91 0.634846 0.00612764
435.269 0.628608 0.00604454
435.629 0.626406 0.00600504
435.988 0.629217 0.00599735
436.348 0.635044 0.00606157
436.707 0.637577 0.00618398
437.066 0.633884 0.00617336
437.426 0.626479 0.00610568
437.785 0.626975 0.0060691
438.144 0.63169 0.00608104
438.503 0.639593 0.00617697
438.862 0.634883 0.00617519
439.222 0.633812 0.00619986
439.581 0.63002 0.00623785
439.94 0.627311 0.00620218
440.299 0.606157 0.00588559
440.658 0.602818 0.00566952
441.017 0.621507 0.00573363
441.376 0.63425 0.0058419
441.734 0.640839 0.00595118
442.093 0.626826 0.00590273
442.452 0.616102 0.00581484
442.811 0.622674 0.00579948
443.169 0.623047 0.00581857
443.528 0.63453 0.00595882
443.887 0.629094 0.00595756
444.245 0.619956 0.00591564
444.604 0.629326 0.00603924
444.962 0.630719 0.00608693
445.321 0.626277 0.00605527
445.679 0.615665 0.00597848
446.038 0.629251 0.00601687
446.396 0.633411 0.00609589
446.754 0.625919 0.00615139
447.112 0.630264 0.00619027
447.471 0.630682 0.00625004
447.829 0.6212 0.00622939
448.187 0.621816 0.0062099
448.545 0.619926 0.00619134
448.903 0.624243 0.00622541
449.261 0.623869 0.00624093
449.619 0.626407 0.00630143
449.977 0.632448 0.00634561
450.335 0.631369 0.00640756
450.693 0.629391 0.00642734
451.051 0.631225 0.00645697
451.409 0.615988 0.00635773
451.766 0.632159 0.00648939
452.124 0.639183 0.00659839
452.482 0.626149 0.00657923
452.839 0.621605 0.00659793
453.197 0.624893 0.00669544
453.555 0.627589 0.00672093
453.912 0.628896 0.0067665
454.27 0.606557 0.00649975
454.627 0.619712 0.00651772
454.984 0.619072 0.00648041
455.342 0.633344 0.00664934
455.699 0.627223 0.00667408
456.056 0.626613 0.00668322
456.414 0.604646 0.00647946
456.771 0.616013 0.00647272
457.128 0.621399 0.00645741
457.485 0.614317 0.00635267
457.842 0.615461 0.00639659
458.199 0.62392 0.00645286
458.556 0.61583 0.00635088
458.913 0.615688 0.00636965
459.27 0.616522 0.00632119
459.627 0.622892 0.00641373
459.984 0.61602 0.00635284
460.341 0.617046 0.00637389
460.697 0.626895 0.00649114
461.054 0.631852 0.00667419
461.411 0.641355 0.0068708
461.767 0.629946 0.00689318
462.124 0.619209 0.00687551
462.481 0.605492 0.00669327
462.837 0.607108 0.00661116
463.194 0.610522 0.00648198
463.55 0.621757 0.00657627
463.907 0.595667 0.00628403
464.263 0.606093 0.00624928
464.619 0.59712 0.00610842
464.976 0.606692 0.00604485
465.332 0.618446 0.00608455
465.688 0.626135 0.0062332
466.044 0.644049 0.00657702
466.4 0.640378 0.00670854
466.756 0.627056 0.00669523
467.112 0.617191 0.00662019
467.468 0.62302 0.00668231
467.824 0.618914 0.00664995
468.18 0.628848 0.00681721
468.536 0.620073 0.00680333
468.892 0.624804 0.0068978
469.248 0.611607 0.00685599
469.604 0.615902 0.00693915
469.959 0.624133 0.00701614
470.315 0.616964 0.00694035
470.671 0.613595 0.0069299
471.026 0.609146 0.00685105
471.382 0.607019 0.00678464
471.737 0.606783 0.00671586
472.093 0.603254 0.00660624
472.448 0.59684 0.00647474
472.804 0.597061 0.00636579
473.159 0.60923 0.00640291
473.514 0.619382 0.00646236
473.87 0.598712 0.00629076
474.225 0.588268 0.00606648
474.58 0.597438 0.00597912
474.935 0.612299 0.00605936
475.29 0.624029 0.00619655
475.645 0.620222 0.00621814
476 0.614282 0.0061894
476.355 0.613287 0.00624404
476.71 0.603629 0.00621183
477.065 0.600625 0.00607379
477.42 0.58985 0.00588287
477.775 0.609208 0.00598878
478.13 0.605701 0.00597645
478.485 0.608668 0.00598672
478.839 0.605218 0.00593436
479.194 0.59518 0.00573784
479.549 0.599635 0.00563718
479.903 0.608515 0.00568763
480.258 0.618937 0.00582399
480.612 0.599322 0.00563625
480.967 0.594738 0.00550328
481.321 0.605443 0.0055203
481.675 0.618015 0.0056774
482.03 0.622599 0.00581567
482.384 0.614294 0.00580328
482.738 0.604093 0.00572366
483.093 0.600118 0.00568276
483.447 0.586462 0.00547848
483.801 0.582587 0.00532118
484.155 0.595354 0.00529794
484.509 0.535396 0.00466759
484.863 0.40247 0.00271733
485.217 0.531489 0.00273755
485.571 0.612747 0.00290781
485.925 0.798995 0.00404514
486.279 0.773133 0.0047415
486.632 0.684499 0.00487254
486.986 0.648098 0.00514691
487.34 0.643224 0.00550722
487.694 0.629818 0.00564334
488.047 0.609982 0.00561945
488.401 0.601298 0.0055728
488.754 0.603788 0.00561926
489.108 0.613889 0.00574423
489.461 0.613392 0.00580068
489.815 0.611494 0.00585949
490.168 0.597894 0.00572556
490.522 0.598672 0.00571017
490.875 0.603486 0.00574059
491.228 0.610532 0.00580268
491.581 0.599667 0.00571517
491.935 0.6043 0.00575256
492.288 0.599489 0.00574808
492.641 0.608549 0.0057584
492.994 0.599763 0.00570046
493.347 0.59834 0.00565897
493.7 0.597142 0.00562358
494.053 0.599329 0.00565232
494.406 0.622821 0.00583817
494.759 0.614023 0.00593185
495.111 0.585051 0.00565291
495.464 0.568636 0.00533585
495.817 0.575254 0.00521267
496.169 0.626234 0.00558756
496.522 0.637126 0.00585596
496.875 0.628308 0.00603428
497.227 0.609379 0.00598647
497.58 0.596122 0.00595847
497.932 0.597617 0.00591451
498.285 0.596092 0.00586548
498.637 0.594806 0.00572355
498.989 0.595341 0.00564357
499.342 0.6051 0.00569238
499.694 0.613847 0.0058487
500.046 0.614135 0.00595462
500.398 0.581718 0.00565726
500.751 0.591464 0.00560604
501.103 0.585896 0.00559387
501.455 0.602916 0.00566333
501.807 0.600022 0.00565949
502.159 0.598583 0.00565332
502.511 0.599926 0.00566883
502.862 0.599173 0.00567782
503.214 0.611076 0.00580719
503.566 0.612755 0.00592073
503.918 0.602551 0.00594863
504.27 0.596992 0.00590464
504.621 0.600806 0.00592801
504.973 0.609222 0.0060277
505.324 0.598905 0.00595594
505.676 0.589626 0.0058056
506.027 0.594426 0.00580229
506.379 0.622408 0.00612473
506.73 0.607529 0.00618361
507.082 0.596519 0.00607284
507.433 0.579716 0.00589896
507.784 0.59525 0.00593643
508.136 0.604355 0.00605829
508.487 0.604328 0.00608484
508.838 0.60124 0.00615421
509.189 0.596079 0.00613164
509.54 0.592274 0.00604232
509.891 0.604946 0.00617012
510.242 0.597231 0.00611038
510.593 0.599888 0.00616496
510.944 0.598836 0.00620436
511.295 0.603186 0.00632
511.646 0.609457 0.00646279
511.996 0.598745 0.00637197
512.347 0.585394 0.00625353
512.698 0.603113 0.00633322
513.049 0.594271 0.00629883
513.399 0.613113 0.00648671
513.75 0.591314 0.00634112
514.1 0.604144 0.00646699
514.451 0.612561 0.00667896
514.801 0.607536 0.00670102
515.152 0.591213 0.00652592
515.502 0.580829 0.0063506
515.852 0.588958 0.00633812
516.202 0.594398 0.00636417
516.553 0.606719 0.00650168
516.903 0.607584 0.00660298
517.253 0.615732 0.00675802
517.603 0.597259 0.00670018
517.953 0.58623 0.00656466
518.303 0.582212 0.00643553
518.653 0.583664 0.00634633
519.003 0.600498 0.00649448
519.353 0.621438 0.00682043
519.703 0.620733 0.00701773
520.052 0.602644 0.00692558
520.402 0.593929 0.00685812
520.752 0.587562 0.00674667
521.102 0.60379 0.00686399
521.451 0.605681 0.00698023
521.801 0.594794 0.00689846
522.15 0.586743 0.00680723
522.5 0.589006 0.00673736
522.849 0.589604 0.00675875
523.199 0.587898 0.00666073
523.548 0.597356 0.00669733
523.897 0.599303 0.00669535
524.246 0.609302 0.00688827
524.596 0.605374 0.00697887
524.945 0.585211 0.00681419
525.294 0.597432 0.00687825
525.643 0.592812 0.00685862
525.992 0.596458 0.00686443
526.341 0.588238 0.00676375
526.69 0.596114 0.00687785
527.039 0.606307 0.00699789
527.388 0.591754 0.00695405
527.737 0.573383 0.00666373
528.086 0.569751 0.0064343
528.434 0.580303 0.00635885
528.783 0.614137 0.00662517
529.132 0.611571 0.0067485
529.48 0.612394 0.00686481
529.829 0.595999 0.0068445
530.177 0.5957 0.00688601
530.526 0.603614 0.00697774
530.874 0.586394 0.00680654
531.223 0.5958 0.00684622
531.571 0.586821 0.00679144
531.919 0.597849 0.00687332
532.268 0.568355 0.00652793
532.616 0.572631 0.00633343
532.964 0.589139 0.00630059
533.312 0.60562 0.00640466
533.66 0.597046 0.00635761
534.008 0.589788 0.00629713
534.356 0.593601 0.00630747
534.704 0.596745 0.00638723
535.052 0.599181 0.00645858
535.4 0.606231 0.00663348
535.748 0.612762 0.0068486
536.095 0.604774 0.00697753
536.443 0.593154 0.00694221
536.791 0.573655 0.00671689
537.139 0.569582 0.00652677
537.486 0.580142 0.0064531
537.834 0.590092 0.00643952
538.181 0.587832 0.00640204
538.529 0.594413 0.006439
538.876 0.595264 0.00645628
539.223 0.603713 0.00657136
539.571 0.610111 0.00674626
539.918 0.586661 0.00661123
540.265 0.568428 0.00639604
540.613 0.586238 0.00640102
540.96 0.589791 0.00646423
541.307 0.592122 0.00649889
541.654 0.594866 0.00655465
542.001 0.585954 0.00645971
542.348 0.589956 0.0064938
542.695 0.588722 0.00649473
543.042 0.581624 0.00636245
543.388 0.573875 0.00625253
543.735 0.582442 0.00627119
544.082 0.583642 0.00627809
544.429 0.597544 0.00635883
544.775 0.599035 0.00649756
545.122 0.610806 0.00675202
545.469 0.604198 0.00685204
545.815 0.587425 0.00674812
546.162 0.57746 0.00664189
546.508 0.572242 0.0064734
546.854 0.57091 0.00629227
547.201 0.560127 0.00595543
547.547 0.581613 0.00600623
547.893 0.599234 0.0061904
548.24 0.624314 0.00659628
548.586 0.619852 0.00693506
548.932 0.598429 0.00691274
549.278 0.586533 0.00692028
549.624 0.579896 0.00678972
549.97 0.598982 0.00697578
550.316 0.599321 0.0071323
550.662 0.597863 0.00717383
551.008 0.557108 0.00669671
551.353 0.551302 0.00628702
551.699 0.57308 0.00616964
552.045 0.614561 0.00652354
552.391 0.605097 0.00664441
552.736 0.587498 0.00658358
553.082 0.580916 0.00657218
553.427 0.592795 0.00671305
553.773 0.611481 0.00705368
554.118 0.589157 0.00699758
554.464 0.573876 0.00672165
554.809 0.561171 0.00641001
555.154 0.56959 0.00630461
555.5 0.595705 0.00649158
555.845 0.616586 0.00679206
556.19 0.596643 0.00683521
556.535 0.603567 0.0070684
556.88 0.572403 0.00682949
557.225 0.587947 0.00687438
557.57 0.590156 0.00696658
557.915 0.613075 0.00731557
558.26 0.595635 0.00728801
558.605 0.588007 0.00726577
558.95 0.569871 0.00703743
559.295 0.547342 0.00656019
559.639 0.557785 0.00634528
559.984 0.565066 0.00616452
560.329 0.587073 0.00621228
560.673 0.594365 0.00626616
561.018 0.608061 0.00649204
561.362 0.606555 0.00663476
561.707 0.594199 0.00673977
562.051 0.573942 0.00656841
562.395 0.57228 0.00653379
562.74 0.573091 0.0063905
563.084 0.567952 0.00626243
563.428 0.56943 0.00612943
563.772 0.587618 0.00625265
564.117 0.572904 0.00613078
564.461 0.58413 0.00616126
564.805 0.588601 0.00625106
565.149 0.576951 0.00616533
565.493 0.582026 0.00617405
565.836 0.568418 0.0060147
566.18 0.578854 0.00599948
566.524 0.539237 0.00544048
566.868 0.561626 0.00536203
567.212 0.576416 0.00532948
567.555 0.572699 0.00524747
567.899 0.547486 0.0049279
568.242 0.555241 0.00475173
568.586 0.542174 0.00442158
568.929 0.537622 0.00411925
569.273 0.548162 0.00391568
569.616 0.575496 0.00396199
569.96 0.568546 0.00388735
570.303 0.557211 0.00373291
570.646 0.565593 0.00370357
570.989 0.556275 0.0035724
571.333 0.577971 0.00363888
571.676 0.590111 0.00378345
572.019 0.624701 0.00421832
572.362 0.539571 0.00380761
572.705 0.521895 0.0034751
573.048 0.541362 0.00334389
573.391 0.555591 0.00327801
573.733 0.564956 0.0032319
574.076 0.566178 0.00319964
574.419 0.591133 0.00331887
574.762 0.597159 0.00351195
575.104 0.610466 0.00378325
575.447 0.559588 0.00367993
575.789 0.529535 0.00339159
576.132 0.534809 0.00318191
576.474 0.569884 0.00326406
576.817 0.533968 0.00294197
577.159 0.548555 0.00281323
577.501 0.589666 0.0028803
577.844 0.636883 0.0031572
578.186 0.646667 0.00354656
578.528 0.584944 0.00358281
578.87 0.560231 0.00352568
579.212 0.537245 0.0033829
579.554 0.549876 0.00328225
579.896 0.570333 0.00336762
580.238 0.542508 0.00316956
580.58 0.506815 0.00268849
580.922 0.583723 0.00277539
581.264 0.6646 0.00296135
581.606 0.653806 0.00295583
581.947 0.624106 0.00305417
582.289 0.638837 0.00339673
582.631 0.61866 0.00371556
582.972 0.590275 0.00390714
583.314 0.547564 0.00377925
583.655 0.539265 0.00367242
583.997 0.514505 0.00330612
584.338 0.527952 0.00308429
584.679 0.545682 0.00299205
585.021 0.592948 0.003142
585.362 0.612761 0.00341852
585.703 0.612866 0.00367404
586.044 0.561292 0.00361296
586.385 0.52718 0.00333095
586.726 0.530792 0.00317837
587.067 0.59554 0.00342936
587.408 0.604492 0.00365757
587.749 0.597366 0.0038073
588.09 0.588829 0.00394621
588.431 0.597181 0.00417824
588.772 0.589079 0.00436757
589.113 0.548005 0.00416902
589.453 0.558412 0.00418866
589.794 0.582694 0.00436765
590.134 0.601957 0.00466126
590.475 0.583109 0.00473601
590.815 0.555874 0.00461454
591.156 0.562263 0.00463221
591.496 0.551404 0.00454414
591.837 0.48638 0.00370189
592.177 0.511649 0.00343101
592.517 0.543806 0.00331708
592.857 0.606634 0.00363747
593.198 0.61178 0.00386738
593.538 0.627024 0.00429375
593.878 0.584089 0.00436438
594.218 0.535853 0.00409737
594.558 0.532773 0.00390811
594.898 0.577223 0.0041227
595.237 0.601152 0.00442806
595.577 0.599524 0.00472208
595.917 0.595528 0.00497895
596.257 0.538852 0.00463131
596.596 0.539222 0.00450592
596.936 0.549366 0.00440624
597.276 0.597609 0.00476779
597.615 0.563069 0.00462714
597.955 0.499352 0.00391387
598.294 0.518874 0.00366129
598.633 0.566296 0.00378279
598.973 0.604954 0.0040588
599.312 0.563926 0.00393941
599.651 0.563812 0.00393136
599.991 0.5842 0.00410734
600.33 0.574421 0.00411641
600.669 0.574506 0.0042402
601.008 0.58839 0.00441943
601.347 0.585475 0.00459394
601.686 0.54662 0.00435522
602.025 0.561629 0.00441385
602.364 0.531202 0.00412004
602.702 0.555726 0.00413506
603.041 0.566635 0.00415502
603.38 0.593677 0.0044098
603.719 0.599132 0.00465253
604.057 0.578555 0.00473548
604.396 0.559348 0.00466023
604.734 0.537908 0.00446111
605.073 0.515812 0.00398981
605.411 0.573115 0.00420767
605.75 0.589265 0.00435181
606.088 0.603235 0.00467922
606.426 0.550127 0.00441615
606.764 0.551588 0.0043476
607.103 0.576739 0.00450074
607.441 0.58297 0.00472606
607.779 0.582022 0.00485781
608.117 0.557258 0.00473007
608.455 0.581691 0.00497317
608.793 0.57303 0.00507108
609.131 0.529755 0.0046134
609.469 0.539465 0.00448519
609.806 0.569243 0.00459045
610.144 0.61557 0.0051227
610.482 0.573497 0.00508966
610.819 0.565392 0.00502401
611.157 0.565044 0.00503977
611.495 0.583182 0.0052856
611.832 0.566624 0.00527143
612.17 0.554671 0.00517818
612.507 0.55177 0.00509631
612.844 0.566858 0.00520656
613.182 0.563021 0.00521659
613.519 0.556756 0.00515797
613.856 0.560103 0.00514024
614.193 0.555002 0.00509929
614.53 0.551781 0.00496412
614.867 0.556115 0.00491539
615.205 0.597607 0.00535581
615.541 0.585167 0.00546577
615.878 0.584659 0.00572449
616.215 0.551532 0.00556656
616.552 0.564226 0.00565893
616.889 0.55108 0.00550967
617.226 0.556826 0.00543751
617.562 0.57259 0.00561154
617.899 0.602622 0.00610423
618.235 0.600408 0.00643347
618.572 0.583556 0.00661883
618.908 0.542329 0.00626339
619.245 0.535542 0.0059505
619.581 0.542612 0.00583064
619.918 0.610532 0.00652264
620.254 0.656803 0.00763348
620.59 0.585381 0.00753149
620.926 0.51857 0.00670879
621.262 0.526076 0.00638655
621.599 0.565231 0.00649854
621.935 0.562858 0.00651411
622.271 0.550832 0.0062087
622.606 0.548346 0.00601035
622.942 0.581249 0.00626361
623.278 0.597004 0.00659484
623.614 0.538824 0.00602575
623.95 0.556593 0.00602639
624.285 0.567515 0.00615568
624.621 0.607716 0.00670617
624.957 0.577094 0.00677712
625.292 0.580854 0.00695086
625.628 0.585696 0.00725006
625.963 0.567919 0.00723179
626.299 0.553029 0.0070095
626.634 0.558374 0.00692082
626.969 0.579208 0.00713043
627.304 0.628954 0.00791293
627.64 0.617947 0.00846794
627.975 0.560056 0.00809901
628.31 0.522656 0.00745757
628.645 0.5389 0.00727341
628.98 0.57991 0.00767297
629.315 0.583238 0.00779396
629.65 0.571378 0.00778969
629.985 0.562048 0.0077334
630.319 0.591405 0.00825083
630.654 0.577328 0.00829725
630.989 0.553937 0.00807567
631.323 0.576375 0.00839798
631.658 0.600659 0.00882208
631.993 0.600355 0.0092294
632.327 0.570481 0.0090773
632.662 0.558142 0.00896009
632.996 0.562499 0.0088739
633.33 0.573008 0.00887386
633.665 0.598432 0.00922579
633.999 0.58692 0.009388
634.333 0.573315 0.00939984
634.667 0.573337 0.00940638
635.001 0.551725 0.00896694
635.335 0.549966 0.0086797
635.669 0.54195 0.00826736
636.003 0.569565 0.00847941
636.337 0.595819 0.00901414
636.671 0.612295 0.0095861
637.005 0.592321 0.00982418
637.339 0.566814 0.00964265
637.672 0.556801 0.00930995
638.006 0.55017 0.0090164
638.339 0.576949 0.00921509
638.673 0.601144 0.00973316
639.006 0.597298 0.00993354
639.34 0.580201 0.00989229
639.673 0.590895 0.010081
640.007 0.572481 0.00993651
640.34 0.581837 0.0101122
640.673 0.586759 0.0103741
641.006 0.58959 0.010509
641.34 0.584438 0.0105446
641.673 0.607719 0.0110129
642.006 0.592557 0.0110779
642.339 0.565157 0.0106938
642.672 0.573164 0.0106734
643.004 0.583696 0.0108171
643.337 0.602527 0.0112255
643.67 0.584823 0.0111643
644.003 0.568841 0.0108234
644.336 0.576284 0.0109596
644.668 0.577371 0.0110011
645.001 0.589483 0.0112521
645.333 0.606672 0.0115848
645.666 0.608364 0.0119305
645.998 0.602955 0.0121745
646.331 0.58812 0.0120291
646.663 0.583187 0.0119614
646.995 0.543527 0.0109782
647.327 0.527774 0.0101138
647.66 0.5391 0.00949175
647.992 0.568616 0.00949378
648.324 0.56553 0.00938333
648.656 0.587207 0.00968226
648.988 0.603848 0.0101345
649.32 0.618121 0.0108327
649.652 0.611402 0.011417
649.983 0.578511 0.0114008
650.315 0.593075 0.0117129
650.647 0.55472 0.0111392
650.979 0.545777 0.0105848
651.31 0.557498 0.0103025
651.642 0.549251 0.00985278
651.973 0.572951 0.0100284
652.305 0.583543 0.0101135
652.636 0.591304 0.0102288
652.967 0.595842 0.0105546
653.299 0.579871 0.0105964
653.63 0.564722 0.0105072
653.961 0.54132 0.00979465
654.292 0.443351 0.00740908
654.623 0.19722 0.00205019
654.955 0.900687 0.00343452
655.286 0.900631 0.00343431
655.616 0.900575 0.0034341
655.947 0.900518 0.00343388
656.278 0.900461 0.00343366
656.609 0.866774 0.00336871
656.94 0.535515 0.00333002
657.27 0.41365 0.00346779
657.601 0.384998 0.00383374
657.932 0.411065 0.00471147
658.262 0.451 0.00602454
658.593 0.503727 0.00777175
658.923 0.561602 0.00981009
659.254 0.576203 0.0110688
659.584 0.5898 0.0120301
659.914 0.585542 0.012541
660.244 0.585802 0.0129713
660.575 0.59018 0.0131004
660.905 0.587442 0.0130719
661.235 0.581989 0.0128398
661.565 0.583373 0.0127032
661.895 0.585725 0.0126961
662.225 0.5986 0.0130193
662.555 0.597477 0.0131213
662.884 0.595954 0.0130949
663.214 0.568298 0.0125445
663.544 0.577528 0.0124762
663.873 0.60478 0.0127489
664.203 0.562932 0.0119285
664.533 0.579707 0.0120094
664.862 0.574895 0.0117859
665.192 0.586094 0.0121116
665.521 0.632635 0.0131371
665.85 0.625015 0.0136279
666.18 0.618801 0.0140631
666.509 0.576258 0.0135188
666.838 0.583044 0.0135396
667.167 0.594173 0.0134418
667.496 0.597994 0.0135572
667.825 0.585873 0.0133493
668.154 0.593235 0.0134743
668.483 0.582925 0.0133791
668.812 0.580876 0.0130668
669.141 0.592396 0.0130799
669.47 0.561626 0.0124292
669.798 0.587394 0.0128042
670.127 0.610758 0.0133647
670.456 0.564579 0.0123346
670.784 0.522408 0.0106912
671.113 0.523516 0.00976001
671.441 0.535841 0.00921081
671.77 0.595652 0.00976106
672.098 0.607872 0.0102161
672.426 0.646081 0.011533
672.755 0.608649 0.0119922
673.083 0.572981 0.0119976
673.411 0.56553 0.0120165
673.739 0.572711 0.0121706
674.067 0.595807 0.0128066
674.395 0.581675 0.0129703
674.723 0.554292 0.0123072
675.051 0.566214 0.012302
675.379 0.587182 0.0125729
675.706 0.584066 0.0125237
676.034 0.594323 0.0128875
676.362 0.607384 0.0132592
676.689 0.555424 0.0120377
677.017 0.520271 0.0107884
677.344 0.540947 0.0105272
677.672 0.574236 0.0108656
677.999 0.600371 0.0114473
678.327 0.574885 0.0110222
678.654 0.532776 0.0100515
678.981 0.545449 0.00988624
679.308 0.58556 0.0101887
679.636 0.608226 0.0107684
679.963 0.605693 0.0112738
680.29 0.5937 0.0114964
680.617 0.554736 0.0109159
680.944 0.554113 0.0106978
681.271 0.579327 0.0109858
681.597 0.602894 0.0118597
681.924 0.608168 0.0127329
682.251 0.576952 0.0127269
682.578 0.533342 0.0116909
682.904 0.525515 0.01087
683.231 0.540805 0.0105244
683.557 0.548292 0.0103069
683.884 0.550218 0.0100953
684.21 0.552524 0.00979987
684.536 0.538829 0.00934319
684.863 0.569632 0.00948987
685.189 0.569648 0.00951896
685.515 0.606646 0.0102525
685.841 0.589364 0.0105215
686.167 0.553327 0.0103484
686.493 0.558645 0.0101612
686.819 0.572507 0.0103423
687.145 0.595254 0.0109116
687.471 0.604319 0.0117752
687.797 0.601788 0.0123458
688.123 0.550037 0.0116976
688.448 0.554397 0.0115623
688.774 0.547727 0.0110419
689.1 0.582584 0.011507
689.425 0.607482 0.0121676
689.751 0.567379 0.0119989
690.076 0.547129 0.0113778
690.402 0.523646 0.0103641
690.727 0.554631 0.0102872
691.052 0.588044 0.0107125
691.377 0.599202 0.0112107
691.703 0.582916 0.0112829
692.028 0.587 0.011503
692.353 0.545993 0.010775
692.678 0.565301 0.0109578
693.003 0.572423 0.0111854
693.328 0.618813 0.0126131
693.652 0.626253 0.0134558
693.977 0.558935 0.0125963
694.302 0.532226 0.0116899
694.627 0.546525 0.0114118
694.951 0.615457 0.0124932
695.276 0.636522 0.0137151
695.6 0.628203 0.0142665
695.925 0.510857 0.0117045
696.249 0.49423 0.0100773
696.574 0.521438 0.00954175
696.898 0.590525 0.0103805
697.222 0.618194 0.0112078
697.546 0.601146 0.0115409
697.871 0.594451 0.0118425
698.195 0.57704 0.0117997
698.519 0.581465 0.0120731
698.843 0.587739 0.0124249
699.167 0.592594 0.0129449
699.491 0.590738 0.0133831
699.814 0.589698 0.0136942
700.138 0.581757 0.013569
700.462 0.585255 0.0137299
700.786 0.582472 0.0137173
701.109 0.560968 0.0131621
701.433 0.55196 0.0125117
701.756 0.562207 0.0122262
702.08 0.571074 0.0122436
702.403 0.587715 0.0125303
702.726 0.601629 0.0131966
703.05 0.604626 0.0136743
703.373 0.580931 0.0136725
703.696 0.570316 0.0135275
704.019 0.624788 0.0145948
704.342 0.595967 0.014693
704.665 0.599268 0.0152811
704.988 0.591195 0.0153543
705.311 0.542569 0.0140333
705.634 0.519349 0.0125429
705.957 0.510304 0.011115
706.28 0.518313 0.0103257
706.602 0.565702 0.0104453
706.925 0.576455 0.0106428
707.247 0.598901 0.0112583
707.57 0.590365 0.0117074
707.892 0.57976 0.0118856
708.215 0.581682 0.0124473
708.537 0.569021 0.0128163
708.859 0.578987 0.0131791
709.182 0.569991 0.0130044
709.504 0.543227 0.0122371
709.826 0.556875 0.0121341
710.148 0.583712 0.0125098
710.47 0.590536 0.0128999
710.792 0.585624 0.0132371
711.114 0.597244 0.0137705
711.436 0.596124 0.014236
711.758 0.566585 0.0137061
712.079 0.5467 0.0132947
712.401 0.545768 0.0128548
712.723 0.545727 0.0122229
713.044 0.533057 0.011508
713.366 0.558709 0.0114674
713.687 0.557638 0.0114162
714.009 0.602827 0.0122845
714.33 0.585928 0.0123242
714.652 0.585945 0.0126942
714.973 0.58269 0.0130654
715.294 0.607247 0.0139435
715.615 0.606436 0.0147889
715.936 0.595178 0.0150327
716.257 0.581476 0.0151162
716.578 0.576081 0.0151371
716.899 0.576655 0.01494
717.22 0.546518 0.013571
717.541 0.558287 0.0133537
717.862 0.567117 0.0131501
718.182 0.591937 0.0136421
718.503 0.553353 0.0128405
718.824 0.597986 0.0135222
719.144 0.58984 0.0135897
719.465 0.584203 0.0138962
719.785 0.569997 0.0136164
720.105 0.54599 0.0129525
720.426 0.585029 0.0132879
720.746 0.585117 0.013479
721.066 0.581851 0.0135038
721.386 0.582531 0.0136702
721.706 0.590797 0.0141403
722.026 0.581866 0.0141992
722.346 0.583872 0.0144836
722.666 0.571593 0.0142231
722.986 0.579104 0.0140158
723.306 0.583227 0.0141133
723.626 0.588217 0.0144384
723.946 0.559185 0.014096
724.265 0.540513 0.0132876
724.585 0.534693 0.0125379
724.904 0.550165 0.0123585
725.224 0.552835 0.0124977
725.543 0.588823 0.0128796
725.863 0.560001 0.0125778
726.182 0.569419 0.0130026
726.501 0.585676 0.0137145
726.82 0.580538 0.0137678
727.14 0.554856 0.0129671
727.459 0.56168 0.0127576
727.778 0.560494 0.0125449
728.097 0.586567 0.0130095
728.416 0.554812 0.0124892
728.734 0.54937 0.0121349
729.053 0.55442 0.0119941
729.372 0.566321 0.012114
729.691 0.554028 0.0117413
730.009 0.529037 0.0108508
730.328 0.518376 0.0104025
730.647 0.565942 0.0108266
730.965 0.567857 0.011109
731.283 0.587161 0.0117424
731.602 0.555425 0.0117171
731.92 0.553621 0.0116091
732.238 0.528417 0.0110404
732.557 0.535098 0.0108251
732.875 0.541781 0.0108468
733.193 0.517065 0.010028
733.511 0.528563 0.00975224
733.829 0.546636 0.0100056
734.147 0.593111 0.0110691
734.465 0.592305 0.0117129
734.782 0.550771 0.0112887
735.1 0.530974 0.0109428
735.418 0.533066 0.0108542
735.735 0.529636 0.0107487
736.053 0.536459 0.0108834
736.371 0.532279 0.0108023
736.688 0.552004 0.0113126
737.005 0.576899 0.0122566
737.323 0.567489 0.0127603
737.64 0.560129 0.0128578
737.957 0.532786 0.0121222
738.274 0.488294 0.0105704
738.592 0.514608 0.0103719
738.909 0.551192 0.0108613
739.226 0.603068 0.0123135
739.543 0.599222 0.0132504
739.86 0.568935 0.0135309
740.176 0.569053 0.0140991
740.493 0.597037 0.0150985
740.81 0.575681 0.0150483
741.127 0.547841 0.014348
741.443 0.525348 0.0136057
741.76 0.53401 0.0130683
742.076 0.541646 0.01309
742.393 0.593084 0.0141769
742.709 0.589296 0.0149644
743.025 0.584563 0.0155137
743.342 0.580326 0.0152901
743.658 0.554455 0.0147176
743.974 0.545371 0.0142971
744.29 0.556737 0.0141786
744.606 0.597097 0.0149616
744.922 0.561874 0.0146399
745.238 0.579856 0.0148894
745.554 0.582992 0.0151786
745.87 0.559278 0.0150034
746.186 0.54435 0.0144465
746.501 0.546363 0.0139499
746.817 0.560839 0.0140212
747.132 0.604099 0.0154212
747.448 0.597806 0.0161481
747.763 0.569555 0.015849
748.079 0.522219 0.0146436
748.394 0.516377 0.0135292
748.71 0.521044 0.0126876
749.025 0.503371 0.0116147
749.34 0.527315 0.0116335
749.655 0.527883 0.0117144
749.97 0.573414 0.0126935
750.285 0.543731 0.0125367
750.6 0.529997 0.0122472
750.915 0.504825 0.0115059
751.23 0.539154 0.0120007
751.545 0.540203 0.0123642
751.859 0.556325 0.0131627
752.174 0.559538 0.0136839
752.489 0.508028 0.0123686
752.803 0.497471 0.0115611
753.118 0.508435 0.0114405
753.432 0.544565 0.0120912
753.747 0.567171 0.0128916
754.061 0.510685 0.0120063
754.375 0.50747 0.0114429
754.689 0.504814 0.0110818
755.004 0.515241 0.0110004
755.318 0.514173 0.0108509
755.632 0.500298 0.0102709
755.946 0.506045 0.0100604
756.26 0.497819 0.00963476
756.573 0.479934 0.00892622
756.887 0.488282 0.00873832
757.201 0.497939 0.00885081
757.515 0.555557 0.0101087
757.828 0.554829 0.0108968
758.142 0.501794 0.0104879
758.455 0.461594 0.00944883
758.769 0.45734 0.00888164
759.082 0.483989 0.00896762
759.396 0.501731 0.00892282
759.709 0.490352 0.00873941
760.022 0.49164 0.00870278
760.335 0.528652 0.00942528
760.648 0.530247 0.0100441
760.962 0.541226 0.0109194
761.275 0.519489 0.0113525
761.587 0.510839 0.0115303
761.9 0.50802 0.0115804
762.213 0.47578 0.0108676
762.526 0.485974 0.0105809
762.839 0.493721 0.0106177
763.151 0.483536 0.0102474
763.464 0.466452 0.00955158
763.776 0.45686 0.00883931
764.089 0.469493 0.00858332
764.401 0.509519 0.00918144
764.714 0.514485 0.00970259
765.026 0.53271 0.0105174
765.338 0.535968 0.0112076
765.65 0.53986 0.012175
765.962 0.527329 0.012674
766.275 0.505946 0.0129392
766.587 0.512782 0.0131988
766.898 0.468669 0.0122792
767.21 0.477564 0.0118669
767.522 0.467989 0.0108224
767.834 0.481811 0.010445
768.146 0.508824 0.0107646
768.457 0.530472 0.0114169
768.769 0.539802 0.0121513
769.08 0.507686 0.0120818
769.392 0.489617 0.0115092
769.703 0.479058 0.0107901
770.015 0.476992 0.0103271
770.326 0.483917 0.0103264
770.637 0.524376 0.0110813
770.948 0.535056 0.0119573
771.26 0.54251 0.0128841
771.571 0.515558 0.0127759
771.882 0.500204 0.0125646
772.193 0.480401 0.0120249
772.504 0.504166 0.0125021
772.814 0.522495 0.0132347
773.125 0.528884 0.0135184
773.436 0.508215 0.0135546
773.747 0.539744 0.0144358
774.057 0.538702 0.0148145
774.368 0.512679 0.0145047
774.678 0.551209 0.0154022
774.989 0.554023 0.0158791
775.299 0.539526 0.0160967
775.609 0.530408 0.0159693
775.919 0.544096 0.0159985
776.23 0.548807 0.0158806
776.54 0.559243 0.0162825
776.85 0.527529 0.01568
777.16 0.520254 0.0154714
777.47 0.489689 0.01435
777.78 0.502107 0.0136925
778.089 0.487396 0.012743
778.399 0.536488 0.0133334
778.709 0.530946 0.013534
779.019 0.547292 0.0145275
779.328 0.555054 0.0155712
779.638 0.514593 0.015058
779.947 0.468013 0.0134575
780.257 0.466037 0.0120992
780.566 0.493229 0.0118621
780.875 0.503906 0.0120242
781.185 0.527027 0.0129234
781.494 0.530335 0.013455
781.803 0.510121 0.0132813
782.112 0.512101 0.0136664
782.421 0.497624 0.0133765
782.73 0.484565 0.0129315
783.039 0.50653 0.0132458
783.348 0.528461 0.0141996
783.656 0.576194 0.0161215
783.965 0.525541 0.0156131
784.274 0.498249 0.0148763
784.582 0.517434 0.0146689
784.891 0.494728 0.0140729
785.199 0.506501 0.0143331
785.508 0.544193 0.0154415
785.816 0.534442 0.0155678
786.124 0.535346 0.0155645
786.432 0.502617 0.0141439
786.741 0.498872 0.0135703
787.049 0.496958 0.0133802
787.357 0.506808 0.0134821
787.665 0.490583 0.0132006
787.973 0.512394 0.0136226
788.281 0.50544 0.0139591
788.588 0.533953 0.0149299
788.896 0.531909 0.0158023
789.204 0.528754 0.0162502
789.511 0.520491 0.0164026
789.819 0.530949 0.016644
790.126 0.520597 0.016607
790.434 0.524711 0.0167961
790.741 0.51134 0.0167145
791.049 0.532451 0.0168361
791.356 0.528999 0.0172295
791.663 0.589896 0.0191216
791.97 0.54856 0.0180677
792.277 0.577777 0.0191475
792.584 0.523445 0.0169426
792.891 0.464276 0.0140247
793.198 0.458935 0.0128323
793.505 0.502535 0.0130714
793.812 0.529745 0.0135701
794.119 0.519553 0.0138376
794.425 0.531929 0.0142669
794.732 0.524715 0.0147888
795.038 0.567281 0.017036
795.345 0.579718 0.0185248
795.651 0.588086 0.0196978
795.958 0.553283 0.0193522
796.264 0.51007 0.0178841
796.57 0.509617 0.0168731
796.876 0.517266 0.0165626
797.183 0.558314 0.0176242
797.489 0.567535 0.0184626
797.795 0.544988 0.0182599
798.101 0.567013 0.0188435
798.406 0.540922 0.0182338
798.712 0.542957 0.0184871
799.018 0.59123 0.0199746
799.324 0.583946 0.0200141
799.629 0.606416 0.020594
799.935 0.590373 0.0203564
800.24 0.590406 0.0205024
800.546 0.592633 0.020366
800.851 0.635881 0.0219994
801.157 0.585351 0.0213961
801.462 0.606877 0.0221161
801.767 0.635626 0.0228822
802.072 0.554837 0.0205782
802.377 0.56483 0.0200635
802.682 0.546244 0.0192394
802.987 0.573361 0.019803
803.292 0.613705 0.0216459
803.597 0.613895 0.0220034
803.902 0.584668 0.0215509
804.207 0.565074 0.0205851
804.511 0.555612 0.0200605
804.816 0.505513 0.0185551
805.12 0.506292 0.0172613
805.425 0.503193 0.0161541
805.729 0.535248 0.0165603
806.034 0.553123 0.0173535
806.338 0.56304 0.0181706
806.642 0.583398 0.0192624
806.946 0.548001 0.0186224
807.251 0.559524 0.0188247
807.555 0.514921 0.0179918
807.859 0.561637 0.0186416
808.162 0.569354 0.0188567
808.466 0.567894 0.0195681
808.77 0.582502 0.0202556
809.074 0.548343 0.0201117
809.378 0.578027 0.0210806
809.681 0.611216 0.0220926
809.985 0.595187 0.0216821
810.288 0.588105 0.0212416
810.592 0.62794 0.0226971
810.895 0.560015 0.0215562
811.198 0.589144 0.0225176
811.502 0.650189 0.025197
811.805 0.607802 0.0239653
812.108 0.63986 0.025174
812.411 0.624222 0.0236635
812.714 0.509118 0.0193631
813.017 0.521619 0.0185485
813.32 0.571305 0.01937
813.623 0.574223 0.0196354
813.926 0.640361 0.0227061
814.228 0.645515 0.0237301
814.531 0.642451 0.0243745
814.833 0.60292 0.0238676
815.136 0.59642 0.0237903
815.438 0.635158 0.0250882
815.741 0.656084 0.0251804
816.043 0.63071 0.0243285
816.345 0.595602 0.022755
816.648 0.637383 0.0237229
816.95 0.625455 0.0238267
817.252 0.637241 0.0246219
817.554 0.653965 0.0250055
817.856 0.668902 0.0258562
818.158 0.658943 0.0263199
818.46 0.722367 0.0281985
818.761 0.661607 0.0264742
819.063 0.701056 0.0272144
819.365 0.631331 0.0254832
819.666 0.650346 0.0243779
819.968 0.59521 0.0225637
820.269 0.585622 0.0214627
820.571 0.601228 0.0223423
820.872 0.620889 0.023499
821.173 0.655873 0.0251723
821.475 0.639914 0.025377
821.776 0.653031 0.0258858
822.077 0.6433 0.0258237
822.378 0.615404 0.024806
822.679 0.60508 0.0252531
822.98 0.649249 0.0266148
823.281 0.665444 0.0274625
823.581 0.652865 0.0270218
823.882 0.713568 0.0288292
824.183 0.645181 0.0267166
824.483 0.67322 0.0267336
824.784 0.603421 0.0238874
825.084 0.603498 0.024138
825.385 0.644991 0.024561
825.685 0.649581 0.0255677
825.985 0.691662 0.027129
826.286 0.630686 0.0257803
826.586 0.600061 0.0242884
826.886 0.581456 0.0237793
827.186 0.629067 0.0244094
827.486 0.651101 0.0257978
827.786 0.696753 0.0276311
828.086 0.667965 0.027382
828.386 0.639717 0.0258696
828.685 0.660622 0.0262804
828.985 0.688382 0.0277476
829.285 0.698091 0.028036
829.584 0.640639 0.0269779
829.884 0.676569 0.0285918
830.183 0.655137 0.0283392
830.482 0.755036 0.0316053
830.782 0.723266 0.0312203
831.081 0.776976 0.034233
831.38 0.726403 0.0323997
831.679 0.684122 0.0292689
831.978 0.686404 0.0293057
832.277 0.657447 0.0281421
832.576 0.710187 0.029567
832.875 0.746093 0.0305412
833.174 0.68333 0.0285895
833.472 0.742462 0.0308501
833.771 0.648981 0.028208
834.07 0.671873 0.0280964
834.368 0.704004 0.0289285
834.667 0.718507 0.0298256
834.965 0.728873 0.0306322
835.263 0.714121 0.030568
835.562 0.707407 0.0301401
835.86 0.687177 0.0297568
836.158 0.705826 0.031081
836.456 0.798725 0.0346793
836.754 0.719829 0.0311375
837.052 0.734575 0.0323116
837.35 0.707137 0.0312248
837.648 0.754762 0.0337983
837.946 0.730833 0.0321116
838.243 0.739016 0.0331497
838.541 0.78974 0.0340535
838.839 0.720338 0.0312095
839.136 0.777763 0.0330697
839.434 0.764627 0.0327299
839.731 0.675056 0.0298082
840.028 0.772492 0.0340166
840.326 0.705094 0.0311346
840.623 0.761582 0.0332271
840.92 0.763827 0.03347
841.217 0.813249 0.0360098
841.514 0.809929 0.0349794
841.811 0.737131 0.0328227
842.108 0.776955 0.0338794
842.405 0.767573 0.0340254
842.701 0.703965 0.0315416
842.998 0.769539 0.0342271
843.295 0.773665 0.0337359
843.591 0.773121 0.0345026
843.888 0.764023 0.0342326
844.184 0.76407 0.0347122
844.481 0.788666 0.0343901
844.777 0.848796 0.0372947
845.073 0.768245 0.034943
845.369 0.785677 0.0345213
845.665 0.817029 0.0361171
845.962 0.775107 0.0349083
846.258 0.786724 0.0358254
846.553 0.72861 0.035067
846.849 0.761826 0.0346714
847.145 0.774909 0.0343888
847.441 0.78405 0.0350897
847.737 0.794526 0.0363522
848.032 0.755226 0.0339933
848.328 0.706405 0.0329123
848.623 0.882573 0.0403089
848.919 0.835998 0.0371415
849.214 0.704772 0.0334606
849.509 0.819062 0.0369307
849.805 0.769276 0.0349285
850.1 0.755591 0.0352476
850.395 0.855024 0.0384853
850.69 0.843645 0.0380171
850.985 0.76226 0.0344091
851.28 0.757258 0.0349811
851.575 0.730507 0.0337252
851.869 0.775853 0.034902
852.164 0.726011 0.0332571
852.459 0.740551 0.03224
852.753 0.685989 0.0303583
853.048 0.687412 0.0297353
853.342 0.687205 0.028582
853.637 0.715238 0.0297917
853.931 0.678224 0.0290014
854.225 0.698635 0.0296902
854.52 0.687275 0.0295112
854.814 0.697999 0.0305354
855.108 0.767608 0.0334537
855.402 0.744178 0.0321568
855.696 0.792149 0.0339257
855.99 0.768914 0.033208
856.283 0.737733 0.0323795
856.577 0.712219 0.0316423
856.871 0.72761 0.0317106
857.164 0.842172 0.0350789
857.458 0.800902 0.0350562
857.751 0.758259 0.0332439
858.045 0.860806 0.0371573
858.338 0.819216 0.0347256
858.632 0.792706 0.035701
858.925 0.801498 0.0357894
859.218 0.798225 0.0358877
859.511 0.832113 0.0362846
859.804 0.76713 0.0356979
860.097 0.779628 0.034754
860.39 0.791181 0.0360075
860.683 0.775306 0.0351816
860.976 0.769342 0.0361353
861.268 0.814999 0.0368111
861.561 0.834142 0.0371841
861.854 0.785659 0.0362274
862.146 0.853642 0.0381825
862.439 0.801871 0.0361761
862.731 0.804985 0.0364433
863.023 0.785855 0.0351906
863.316 0.808992 0.0362886
863.608 0.691078 0.0318088
863.9 0.838143 0.0383478
864.192 0.81313 0.0363912
864.484 0.815677 0.0371658
864.776 0.716235 0.0334945
865.068 0.872658 0.0386837
865.36 0.818017 0.036926
865.651 0.797093 0.0365132
865.943 0.867122 0.0390077
866.235 0.733309 0.0352007
866.526 0.856462 0.0388188
866.818 0.851029 0.0383721
867.109 0.845844 0.0385403
867.4 0.788194 0.0359985
867.692 0.744129 0.0351497
867.983 0.855608 0.0375733
868.274 0.730272 0.0343864
868.565 0.804179 0.0364918
868.856 0.85722 0.0383644
869.147 0.799897 0.0365979
869.438 0.870762 0.0401516
869.729 0.894936 0.0405393
870.02 0.902822 0.0402456
870.31 0.839016 0.0387112
870.601 0.774168 0.0358277
870.892 0.863025 0.0387568
871.182 0.865848 0.0393592
871.473 0.78078 0.0362441
871.763 0.835228 0.0384205
872.053 0.802266 0.037173
872.343 0.812145 0.0368749
872.634 0.864321 0.0397587
872.924 0.895456 0.0415418
873.214 0.83828 0.038377
873.504 0.793904 0.0377165
873.794 0.874534 0.0390507
874.084 0.822407 0.0374946
874.373 0.85913 0.0395913
874.663 0.794264 0.0367129
874.953 0.847667 0.039567
875.242 0.821265 0.0383823
875.532 0.796041 0.0366839
875.821 0.85483 0.0394409
876.111 0.840865 0.0379794
876.4 0.794897 0.0361975
876.689 0.760581 0.0355241
876.978 0.817038 0.0377201
877.268 0.853887 0.0384786
877.557 0.828564 0.0378648
877.846 0.804286 0.0375192
878.134 0.95092 0.0418506
878.423 0.951095 0.0418583
878.712 0.95127 0.041866
