178.41 1.2523 0.174284
178.791 1.26023 0.175388
179.172 1.2681 0.176483
179.553 0.883228 0.883228
179.934 0.391607 0.391607
180.316 0.335581 0.335581
180.697 0.925674 0.925674
181.078 1.321 1.321
181.459 0.239014 0.239014
181.84 0.60195 0.60195
182.221 4.7943 4.7943
182.602 -0.773009 -0.773009
182.983 0.300938 0.0699668
183.364 2.6041 0.529141
183.744 0.530903 0.0778637
184.125 0.719036 0.0765799
184.506 0.469168 0.054792
184.887 0.731283 0.0789113
185.268 1.06558 0.083787
185.648 0.514251 0.0421829
186.029 0.605063 0.0440679
186.41 0.640781 0.0427206
186.791 0.532413 0.036237
187.171 0.653858 0.0369795
187.552 0.660577 0.0313924
187.932 0.606177 0.0274829
188.313 0.671149 0.0292579
188.694 0.611952 0.0261473
189.074 0.663077 0.0272925
189.455 0.634998 0.0259998
189.835 0.627379 0.0256879
190.216 0.628046 0.0249121
190.596 0.618135 0.0243353
190.977 0.640822 0.0241703
191.357 0.634199 0.024376
191.737 0.677042 0.0248652
192.118 0.685755 0.0254189
192.498 0.648731 0.0238165
192.878 0.622252 0.0227063
193.258 0.693757 0.0242531
193.639 0.703092 0.0244448
194.019 0.687458 0.0237637
194.399 0.710791 0.0240721
194.779 0.68178 0.023512
195.159 0.702991 0.0232003
195.54 0.701948 0.0229553
195.92 0.672256 0.0221385
196.3 0.700727 0.0226707
196.68 0.72204 0.0234433
197.06 0.727324 0.0231057
197.44 0.73827 0.0229252
197.82 0.721059 0.0225072
198.2 0.717598 0.0223015
198.58 0.693411 0.0212066
198.959 0.718084 0.0215348
199.339 0.724133 0.0214045
199.719 0.753247 0.022459
200.099 0.717775 0.0210619
200.479 0.697921 0.02065
200.858 0.710923 0.0206081
201.238 0.749612 0.0214184
201.618 0.741142 0.0209331
201.998 0.742852 0.0206557
202.377 0.730135 0.0202888
202.757 0.73448 0.0200022
203.136 0.784586 0.0208902
203.516 0.760035 0.0202688
203.896 0.724547 0.0191778
204.275 0.778886 0.0201022
204.655 0.768086 0.019577
205.034 0.779088 0.0196167
205.414 0.762541 0.0188817
205.793 0.75729 0.0186783
206.172 0.752005 0.0183465
206.552 0.773564 0.0186902
206.931 0.760213 0.018214
207.31 0.776964 0.0181813
207.69 0.741961 0.0173516
208.069 0.773764 0.0178444
208.448 0.761669 0.0173687
208.827 0.758132 0.0171889
209.207 0.739653 0.0166186
209.586 0.74402 0.0164311
209.965 0.781205 0.0168794
210.344 0.770903 0.0164081
210.723 0.782923 0.0162667
211.102 0.773955 0.015914
211.481 0.766174 0.0157688
211.86 0.774503 0.0157297
212.239 0.767608 0.015335
212.618 0.774889 0.0152488
212.997 0.786984 0.015353
213.376 0.775799 0.014845
213.755 0.770847 0.014578
214.134 0.775972 0.0145594
214.513 0.804444 0.0147049
214.891 0.775524 0.0140977
215.27 0.783947 0.0140722
215.649 0.780767 0.0137438
216.028 0.786486 0.0136933
216.406 0.794336 0.013547
216.785 0.791829 0.0134278
217.164 0.790953 0.0131517
217.542 0.794502 0.0129625
217.921 0.790633 0.0127762
218.3 0.805368 0.0128987
218.678 0.810569 0.0126672
219.057 0.814537 0.0125659
219.435 0.810019 0.0123269
219.814 0.802759 0.012105
220.192 0.804037 0.0119229
220.57 0.797129 0.0116986
220.949 0.801605 0.0116521
221.327 0.811922 0.0114646
221.705 0.809993 0.0113391
222.084 0.821325 0.0112265
222.462 0.834936 0.0112528
222.84 0.829847 0.0110468
223.218 0.830675 0.0108983
223.597 0.832053 0.0106942
223.975 0.815775 0.0104056
224.353 0.824594 0.0103024
224.731 0.817682 0.0100898
225.109 0.834787 0.0101247
225.487 0.856725 0.0101287
225.865 0.843069 0.00988866
226.243 0.844034 0.00975988
226.621 0.839166 0.00958036
226.999 0.849259 0.0094803
227.377 0.849946 0.00936574
227.755 0.840915 0.00915063
228.133 0.844071 0.00905499
228.511 0.857272 0.0090966
228.889 0.863666 0.00895796
229.266 0.861666 0.00888552
229.644 0.861018 0.00869732
230.022 0.866625 0.00863134
230.4 0.864052 0.00852656
230.777 0.869259 0.00846803
231.155 0.869785 0.00837221
231.533 0.871719 0.00823603
231.91 0.866908 0.00810753
232.288 0.877086 0.00811233
232.665 0.874173 0.0080019
233.043 0.875762 0.0079173
233.42 0.894256 0.0079582
233.798 0.883943 0.00780526
234.175 0.887919 0.00774807
234.553 0.894368 0.0077355
234.93 0.899182 0.00765536
235.307 0.901797 0.00761752
235.685 0.892447 0.00747565
236.062 0.897891 0.00744692
236.439 0.899532 0.00739825
236.816 0.899784 0.00730716
237.194 0.904499 0.00725605
237.571 0.90328 0.00720961
237.948 0.915053 0.00721726
238.325 0.911113 0.00714487
238.702 0.905998 0.00706216
239.079 0.908851 0.00701209
239.456 0.906856 0.0069524
239.833 0.909704 0.0069077
240.21 0.915519 0.00689136
240.587 0.912469 0.00682594
240.964 0.915262 0.00679422
241.341 0.91824 0.00676006
241.718 0.921961 0.00671405
242.095 0.914935 0.00666096
242.472 0.912926 0.00659387
242.849 0.916991 0.00659929
243.225 0.916233 0.00651096
243.602 0.925404 0.00654442
243.979 0.929873 0.00654694
244.356 0.921761 0.00645305
244.732 0.91927 0.00638307
245.109 0.940887 0.00644492
245.486 0.918443 0.00631532
245.862 0.93265 0.00635715
246.239 0.939129 0.00633849
246.615 0.934522 0.00628243
246.992 0.930382 0.00623416
247.368 0.932051 0.00621189
247.745 0.931057 0.00617691
248.121 0.931335 0.00611573
248.497 0.943112 0.00617116
248.874 0.942774 0.00613757
249.25 0.931183 0.00603798
249.626 0.93694 0.00603534
250.003 0.936973 0.00600815
250.379 0.939884 0.00597941
250.755 0.939449 0.0059531
251.131 0.936931 0.00591203
251.507 0.946673 0.00595636
251.884 0.939699 0.00587183
252.26 0.939375 0.00586952
252.636 0.94286 0.00583411
253.012 0.939606 0.00580291
253.388 0.950414 0.00581066
253.764 0.944921 0.00577559
254.14 0.943564 0.00575991
254.516 0.943858 0.00574308
254.892 0.949917 0.00575607
255.268 0.94881 0.00572751
255.643 0.9482 0.00570959
256.019 0.943003 0.00565938
256.395 0.947144 0.00567635
256.771 0.944791 0.00563772
257.147 0.945861 0.00562827
257.522 0.950973 0.00564926
257.898 0.950007 0.00561786
258.274 0.952254 0.00562058
258.649 0.951616 0.00560473
259.025 0.95073 0.00557565
259.4 0.943535 0.00554241
259.776 0.958242 0.00558379
260.151 0.956841 0.0055859
260.527 0.965406 0.0056015
260.902 0.950041 0.00552614
261.278 0.952129 0.00552177
261.653 0.953447 0.00552845
262.028 0.958801 0.00554448
262.404 0.9675 0.0055646
262.779 0.953835 0.00550382
263.154 0.958917 0.00550369
263.53 0.956227 0.00547478
263.905 0.962924 0.00550913
264.28 0.958626 0.00550198
264.655 0.962416 0.00549816
265.03 0.959498 0.00551119
265.405 0.966969 0.00551254
265.781 0.961073 0.00547652
266.156 0.971891 0.00553092
266.531 0.963092 0.00547313
266.906 0.964338 0.00548143
267.281 0.96125 0.00544791
267.655 0.968127 0.00550827
268.03 0.964384 0.00547816
268.405 0.968561 0.00550018
268.78 0.97098 0.00551375
269.155 0.967783 0.00547793
269.53 0.966831 0.00547807
269.904 0.965872 0.00547341
270.279 0.973124 0.0055142
270.654 0.964433 0.00546258
271.029 0.970494 0.00549517
271.403 0.972419 0.00550013
271.778 0.96002 0.00545919
272.152 0.969296 0.00549347
272.527 0.960246 0.00546269
272.901 0.971097 0.00548329
273.276 0.971554 0.0054744
273.65 0.960058 0.00542838
274.025 0.978645 0.00551613
274.399 0.975775 0.00551191
274.774 0.974265 0.00548518
275.148 0.966895 0.0054543
275.522 0.968455 0.00544423
275.897 0.974749 0.00548512
276.271 0.974766 0.00548804
276.645 0.971742 0.00546318
277.019 0.977706 0.00548366
277.393 0.976225 0.00546397
277.768 0.979289 0.00549381
278.142 0.964224 0.00542945
278.516 0.978052 0.00551033
278.89 0.974496 0.00547436
279.264 0.979481 0.0055057
279.638 0.974144 0.00546542
280.012 0.97392 0.00545824
280.386 0.972308 0.00548758
280.76 0.975451 0.00547589
281.133 0.97478 0.00547962
281.507 0.974429 0.00547049
281.881 0.975447 0.00546726
282.255 0.977688 0.00548581
282.629 0.975877 0.00549262
283.002 0.974531 0.00548651
283.376 0.974619 0.00548362
283.75 0.978181 0.00550847
284.123 0.977353 0.00549669
284.497 0.980513 0.00551399
284.87 0.982834 0.00552364
285.244 0.973883 0.00548046
285.618 0.976388 0.00549915
285.991 0.978131 0.00552856
286.364 0.987463 0.00556392
286.738 0.98574 0.00554801
287.111 0.978038 0.00550466
287.485 0.981429 0.00554289
287.858 0.978007 0.0055453
288.231 0.979143 0.00555935
288.605 0.984425 0.00558452
288.978 0.980906 0.00555334
289.351 0.979778 0.00557527
289.724 0.990879 0.00562835
290.097 0.978891 0.00558498
290.47 0.983643 0.00561519
290.843 0.981299 0.00560352
291.217 0.984697 0.00563156
291.59 0.985505 0.00566821
291.963 0.986747 0.00565852
292.336 0.981691 0.00565909
292.708 0.979271 0.00564837
293.081 0.978998 0.00565824
293.454 0.986289 0.00568764
293.827 0.989314 0.00571463
294.2 0.984123 0.00572672
294.573 0.982777 0.00570574
294.945 0.989894 0.00576323
295.318 0.982181 0.00571314
295.691 0.987238 0.00575887
296.064 0.990055 0.00577283
296.436 0.982949 0.00575905
296.809 0.99506 0.00579688
297.181 0.987423 0.00579201
297.554 0.990024 0.0058154
297.926 0.993002 0.0058237
298.299 0.986073 0.00580713
298.671 0.992099 0.00580185
299.044 0.994843 0.00584087
299.416 0.988796 0.00581282
299.788 0.992994 0.00583309
300.161 0.983177 0.00581082
300.533 0.991195 0.00583784
300.905 0.986851 0.00579685
301.278 0.990317 0.00581618
301.65 0.983109 0.00579249
302.022 0.995453 0.00585404
302.394 0.993329 0.00585866
302.766 0.989376 0.00583404
303.138 0.994661 0.00587254
303.51 0.987473 0.00581116
303.882 0.992872 0.00585406
304.254 0.986324 0.00581829
304.626 0.99074 0.00582523
304.998 0.984062 0.00580063
305.37 0.990755 0.0058547
305.742 0.989628 0.00583055
306.114 0.991531 0.00584251
306.485 0.990542 0.00582784
306.857 0.992702 0.00583013
307.229 0.982362 0.00581199
307.601 0.996473 0.00586678
307.972 0.986755 0.00583196
308.344 0.986549 0.0058345
308.716 0.994642 0.00589067
309.087 0.996006 0.00586652
309.459 0.983254 0.00584331
309.83 0.992612 0.00586713
310.202 0.981254 0.00581881
310.573 0.992733 0.00585279
310.945 0.995717 0.00588675
311.316 0.993207 0.00588771
311.687 0.990656 0.00585502
312.059 0.986525 0.00585554
312.43 0.993399 0.00588306
312.801 0.98453 0.00584076
313.172 0.987035 0.00587261
313.544 0.984139 0.00586288
313.915 0.992543 0.00588093
314.286 0.992413 0.0058824
314.657 0.985958 0.00585232
315.028 0.984483 0.00586115
315.399 0.98786 0.0058742
315.77 0.992173 0.00588595
316.141 0.981047 0.00585632
316.512 0.984743 0.00587038
316.883 0.98889 0.00591185
317.254 0.996798 0.00593028
317.625 0.980269 0.00589231
317.996 0.993708 0.00591901
318.366 0.993634 0.0059298
318.737 0.98819 0.00590802
319.108 0.991092 0.00592501
319.478 0.990091 0.00594234
319.849 0.985889 0.00591126
320.22 0.995518 0.00595754
320.59 0.994974 0.00595308
320.961 0.990368 0.00595497
321.331 0.990978 0.00594298
321.702 0.992568 0.00599891
322.072 0.993267 0.00599287
322.443 0.991973 0.00599634
322.813 0.989273 0.00597417
323.184 0.992428 0.00601156
323.554 0.99343 0.00601492
323.924 0.98001 0.00596132
324.295 0.986244 0.00601203
324.665 0.990626 0.00603225
325.035 0.987253 0.00600668
325.405 0.987705 0.00602782
325.775 0.991462 0.0060767
326.145 0.990527 0.00606973
326.515 1.00448 0.00615079
326.886 0.988296 0.00610128
327.256 0.987896 0.00610115
327.626 0.997322 0.00617784
327.995 0.989975 0.00617747
328.365 0.996062 0.00620378
328.735 0.994341 0.00622425
329.105 0.992695 0.00626972
329.475 0.990158 0.00631867
329.845 0.983058 0.00631725
330.215 0.989163 0.0063225
330.584 0.985493 0.00624069
330.954 0.99289 0.00618426
331.324 0.983819 0.00601489
331.693 0.992219 0.00594607
332.063 0.998751 0.00592964
332.432 0.999756 0.0058942
332.802 0.983991 0.00584658
333.171 0.989058 0.00591633
333.541 0.994124 0.0060355
333.91 0.992447 0.00607612
334.28 0.996549 0.00613464
334.649 0.994143 0.00614267
335.018 0.992248 0.00615215
335.388 0.992981 0.00616911
335.757 0.987017 0.00614634
336.126 0.992515 0.00618717
336.495 0.996459 0.00620289
336.865 0.983521 0.00617186
337.234 0.998928 0.00626152
337.603 0.990048 0.00621606
337.972 0.994591 0.00624978
338.341 0.987408 0.00620928
338.71 0.991293 0.00623686
339.079 0.990504 0.00624246
339.448 0.992004 0.00622388
339.817 0.991781 0.00623569
340.186 0.990432 0.00624322
340.554 0.994827 0.00627503
340.923 0.989505 0.00624658
341.292 0.989403 0.00627999
341.661 0.990005 0.0062647
342.029 0.986284 0.00624607
342.398 0.993256 0.0062958
342.767 0.995848 0.0063271
343.135 0.989243 0.00626795
343.504 0.997581 0.00633773
343.872 0.993325 0.00628843
344.241 0.988414 0.00627545
344.609 0.98836 0.00629537
344.978 0.985568 0.00629384
345.346 0.989814 0.00628957
345.715 0.983959 0.00629529
346.083 0.980581 0.00628265
346.451 0.99439 0.00634795
346.82 0.981462 0.00630094
347.188 0.987121 0.00631254
347.556 0.989323 0.00634026
347.924 0.981013 0.00628187
348.292 1.00346 0.00643676
348.66 0.99281 0.00638575
349.028 0.993908 0.00637092
349.396 0.981065 0.00634079
349.764 0.986425 0.00635372
350.132 0.992372 0.0064077
350.5 0.980623 0.00634541
350.868 0.99628 0.00643978
351.236 0.994728 0.00642048
351.604 0.985336 0.00641138
351.972 1.00374 0.0064804
352.34 0.987699 0.00642716
352.707 0.991411 0.00644155
353.075 0.994457 0.00643678
353.443 0.986803 0.00643377
353.81 0.986757 0.0064596
354.178 0.988812 0.00646755
354.545 0.989091 0.00644419
354.913 0.989933 0.00646857
355.28 0.980687 0.0064269
355.648 0.989189 0.00646879
356.015 0.993254 0.00650391
356.383 0.989914 0.00648177
356.75 0.992964 0.00651422
357.117 0.989128 0.00649922
357.485 0.99856 0.00655336
357.852 0.994237 0.00653328
358.219 0.995577 0.00654493
358.586 0.99113 0.00652428
358.954 0.990002 0.00653111
359.321 0.996985 0.00655878
359.688 0.993144 0.0065675
360.055 0.984151 0.00652577
360.422 0.988616 0.00653307
360.789 0.991554 0.00657344
361.156 0.991595 0.00657194
361.523 0.988225 0.00658628
361.89 0.989366 0.00659065
362.256 0.979453 0.00651553
362.623 0.991155 0.00660775
362.99 0.996134 0.00665089
363.357 0.992447 0.00663041
363.724 0.99176 0.00661872
364.09 0.990065 0.00662358
364.457 0.99237 0.00666113
364.823 0.989683 0.00660731
365.19 0.980544 0.00657173
365.557 0.99477 0.00664651
365.923 0.986699 0.00662036
366.29 0.985907 0.00662597
366.656 0.995501 0.00666646
367.022 0.991863 0.00661991
367.389 1.00026 0.00669149
367.755 0.982639 0.00661943
368.121 0.985278 0.00666564
368.488 0.988686 0.00666805
368.854 0.987714 0.00666738
369.22 0.996385 0.00674647
369.586 0.997272 0.00676559
369.952 0.992033 0.00675837
370.318 0.984619 0.00675413
370.684 0.993668 0.00680559
371.051 0.992522 0.00678931
371.416 0.992514 0.00682456
371.782 0.98085 0.00676261
372.148 0.988877 0.00680398
372.514 0.983516 0.00681393
372.88 0.985715 0.00681336
373.246 0.993126 0.00685992
373.612 0.987841 0.00682749
373.977 0.984805 0.00679225
374.343 0.985529 0.00678995
374.709 0.991753 0.00678927
375.074 0.989071 0.00680539
375.44 0.98394 0.00680397
375.806 0.995227 0.00687693
376.171 0.990578 0.00685486
376.537 0.987151 0.00681945
376.902 0.991111 0.00686331
377.268 0.997851 0.00685943
377.633 0.990486 0.00681941
377.998 0.984459 0.00675023
378.364 0.986524 0.00673312
378.729 0.987675 0.00672493
379.094 0.992866 0.00676581
379.459 0.995666 0.00685787
379.825 0.989326 0.00683599
380.19 0.989805 0.00684107
380.555 0.994751 0.00691942
380.92 0.990329 0.00695709
381.285 0.997711 0.00701389
381.65 0.997033 0.00697061
382.015 0.979887 0.0068829
382.38 0.987466 0.00694136
382.745 0.99414 0.00702085
383.11 0.986234 0.00698027
383.474 0.992995 0.00700684
383.839 0.983898 0.00697337
384.204 0.997725 0.00705483
384.569 0.987201 0.0070137
384.933 0.988205 0.00703132
385.298 0.986549 0.00707377
385.663 0.996722 0.00712511
386.027 0.98227 0.0070278
386.392 0.983344 0.00700862
386.756 0.982857 0.00696187
387.121 0.986452 0.00698208
387.485 0.992029 0.00694489
387.849 0.978809 0.00685449
388.214 0.993215 0.0070018
388.578 0.979312 0.00695222
388.942 0.986925 0.00706129
389.307 0.984592 0.00701935
389.671 0.984599 0.00705979
390.035 0.983884 0.00701879
390.399 0.984092 0.00702185
390.763 0.983146 0.00698238
391.127 0.977829 0.00691092
391.492 0.980455 0.00684731
391.856 0.984041 0.00680019
392.219 0.982256 0.00670377
392.583 0.99579 0.00679692
392.947 0.997146 0.00690348
393.311 0.984063 0.00694602
393.675 0.991015 0.00700136
394.039 0.976501 0.00696795
394.403 0.990442 0.00704382
394.766 0.995825 0.00710878
395.13 0.98908 0.00708994
395.494 0.980171 0.00704823
395.857 0.987571 0.00707046
396.221 0.973671 0.00698638
396.584 0.986553 0.00698761
396.948 0.979988 0.00689097
397.311 0.975388 0.00677017
397.675 0.991302 0.00678431
398.038 0.979049 0.0067216
398.401 0.991469 0.00685595
398.765 0.991762 0.00695956
399.128 0.99445 0.00707197
399.491 0.982569 0.00707691
399.854 0.980864 0.00709854
400.218 0.970364 0.00704622
400.581 0.989781 0.00719086
400.944 0.98323 0.00715752
401.307 0.990253 0.0073038
401.67 0.984141 0.00726213
402.033 0.978268 0.00724618
402.396 0.983338 0.00727086
402.759 0.979021 0.00725206
403.122 0.984091 0.00726342
403.485 0.989281 0.00727112
403.847 0.981674 0.00719932
404.21 0.978309 0.00715286
404.573 0.982827 0.00714025
404.936 0.973237 0.00704126
405.298 0.983777 0.00717012
405.661 0.99546 0.00731927
406.023 0.980401 0.00734733
406.386 0.97699 0.00735181
406.749 0.982956 0.0074398
407.111 0.985524 0.00748642
407.473 0.973404 0.00733715
407.836 0.986564 0.00732501
408.198 0.988189 0.00731393
408.561 0.983388 0.00729795
408.923 0.97841 0.00725352
409.285 0.968097 0.00720536
409.647 0.992832 0.00740424
410.009 0.987689 0.00745298
410.372 0.988926 0.00745687
410.734 0.982487 0.00746995
411.096 0.975897 0.00744029
411.458 0.983712 0.00747297
411.82 0.988425 0.00743973
412.182 0.969307 0.00729348
412.544 0.977978 0.00735513
412.906 0.995827 0.00742098
413.267 0.9849 0.00736513
413.629 0.992751 0.00747062
413.991 0.99052 0.00750247
414.353 0.985523 0.00749368
414.714 0.986934 0.00759665
415.076 0.98853 0.00757844
415.438 0.987484 0.00756679
415.799 0.981062 0.00749877
416.161 0.981021 0.00757091
416.522 0.981903 0.00762156
416.884 0.976988 0.00760477
417.245 0.989084 0.00766541
417.607 0.981456 0.00762332
417.968 0.982033 0.00765416
418.329 0.979603 0.00758957
418.691 0.979873 0.00759787
419.052 0.977977 0.00757888
419.413 0.994113 0.00762446
419.774 0.979861 0.0075192
420.135 0.978062 0.00736781
420.497 0.973051 0.00723088
420.858 0.983741 0.00716948
421.219 0.993248 0.0071852
421.58 0.985802 0.00721697
421.941 0.981743 0.0072902
422.302 0.998297 0.00750312
422.662 0.981337 0.00747844
423.023 0.981556 0.00751962
423.384 0.981198 0.00754806
423.745 0.976201 0.00750315
424.106 0.984753 0.00753657
424.466 0.981619 0.00746282
424.827 0.975502 0.00749964
425.187 0.988967 0.00769801
425.548 0.984835 0.00777702
425.909 0.983712 0.00779764
426.269 0.972759 0.00770254
426.63 0.98314 0.00771464
426.99 0.980962 0.00761527
427.35 0.974546 0.00762258
427.711 0.97462 0.00761785
428.071 0.972809 0.00753951
428.431 0.959899 0.00736913
428.792 0.973578 0.00718756
429.152 0.977075 0.00698747
429.512 0.994188 0.00700634
429.872 0.982041 0.0069793
430.232 0.977033 0.00703202
430.592 0.995145 0.0073048
430.952 0.991971 0.00751048
431.312 0.981263 0.00763507
431.672 0.985746 0.00780865
432.032 0.980779 0.00779642
432.392 0.978258 0.00772926
432.752 0.96503 0.00733084
433.111 0.978321 0.00716296
433.471 0.990759 0.00724666
433.831 1.0055 0.00759497
434.19 0.98366 0.00753946
434.55 0.986639 0.00753759
434.91 0.986622 0.00763896
435.269 0.974839 0.00752731
435.629 0.982869 0.00752204
435.988 0.986518 0.00750951
436.348 0.986752 0.00755592
436.707 0.986169 0.00769091
437.066 0.978201 0.00766887
437.426 0.978914 0.00763226
437.785 0.980246 0.00758869
438.144 0.982705 0.00758469
438.503 0.98949 0.00768297
438.862 0.986379 0.00769707
439.222 0.981104 0.00771363
439.581 0.983886 0.00779525
439.94 0.984503 0.00776983
440.299 0.970154 0.00744591
440.658 0.95936 0.00715227
441.017 0.97224 0.00717123
441.376 0.985017 0.00728023
441.734 0.987734 0.00738837
442.093 0.970735 0.00734564
442.452 0.97354 0.00730951
442.811 0.979593 0.00727414
443.169 0.983773 0.00731145
443.528 0.99368 0.00745689
443.887 0.979125 0.00743241
444.245 0.974101 0.00741521
444.604 0.980311 0.00753749
444.962 0.982228 0.00759603
445.321 0.972233 0.00754459
445.679 0.97108 0.00750837
446.038 0.979923 0.00750853
446.396 0.976809 0.00757006
446.754 0.976145 0.00768194
447.112 0.980475 0.00772088
447.471 0.9855 0.00781278
447.829 0.974185 0.00780101
448.187 0.979274 0.00779302
448.545 0.977533 0.00777465
448.903 0.980963 0.00780401
449.261 0.985177 0.00784259
449.619 0.979582 0.00788008
449.977 0.976758 0.00788597
450.335 0.979444 0.0079807
450.693 0.979643 0.00801872
451.051 0.983585 0.00806014
451.409 0.973119 0.00799096
451.766 0.990096 0.00812138
452.124 0.993206 0.00822517
452.482 0.975288 0.00821112
452.839 0.973518 0.008257
453.197 0.983629 0.00840025
453.555 0.974226 0.00837379
453.912 0.993156 0.00850322
454.27 0.96914 0.00821588
454.627 0.990728 0.00824096
454.984 0.982055 0.00816205
455.342 0.992088 0.00832213
455.699 0.97213 0.00830888
456.056 0.983345 0.00837219
456.414 0.966943 0.00819387
456.771 0.978926 0.00815956
457.128 0.97881 0.00810442
457.485 0.972413 0.00799255
457.842 0.972674 0.0080414
458.199 0.977607 0.00807737
458.556 0.979624 0.00801002
458.913 0.981874 0.00804383
459.27 0.989036 0.00800627
459.627 0.982026 0.00805315
459.984 0.971116 0.00797639
460.341 0.989706 0.00807233
460.697 0.996334 0.00818324
461.054 0.992015 0.00836277
461.411 0.982803 0.00850534
461.767 0.977302 0.00858584
462.124 0.979029 0.00864538
462.481 0.974663 0.00849203
462.837 0.968365 0.00834957
463.194 0.974959 0.00819126
463.55 0.973333 0.00822811
463.907 0.962862 0.00798948
464.263 0.974095 0.00792247
464.619 0.979614 0.00782395
464.976 0.974202 0.00765995
465.332 0.985785 0.00768189
465.688 0.983557 0.00781226
466.044 0.97886 0.00810831
466.4 0.993825 0.00835728
466.756 0.977561 0.00835958
467.112 0.981958 0.0083504
467.468 0.979204 0.00837746
467.824 0.986331 0.00839488
468.18 0.979248 0.00850707
468.536 0.981203 0.00855814
468.892 0.983833 0.00865564
469.248 0.97023 0.00863518
469.604 0.976196 0.00873613
469.959 0.981323 0.00879763
470.315 0.973595 0.00871848
470.671 0.973391 0.0087283
471.026 0.970151 0.00864602
471.382 0.970254 0.00857765
471.737 0.968568 0.00848496
472.093 0.968822 0.00837193
472.448 0.970116 0.00825478
472.804 0.968297 0.00810676
473.159 0.973255 0.00809282
473.514 0.977079 0.00811664
473.87 0.963118 0.00797873
474.225 0.956463 0.00773541
474.58 0.969378 0.00761619
474.935 0.978571 0.00766022
475.29 0.980316 0.0077666
475.645 0.983717 0.00783109
476 0.977102 0.00780611
476.355 0.985368 0.00791468
476.71 0.970648 0.00787709
477.065 0.976789 0.00774566
477.42 0.969915 0.00754371
477.775 0.985777 0.00761806
478.13 0.961965 0.00753172
478.485 0.977606 0.00758718
478.839 0.969427 0.00751062
479.194 0.975075 0.00734418
479.549 0.962765 0.00714296
479.903 0.970207 0.00718171
480.258 0.982793 0.00733885
480.612 0.966483 0.00715744
480.967 0.96655 0.00701571
481.321 0.982033 0.00703054
481.675 0.985259 0.00716845
482.03 0.982026 0.00730394
482.384 0.977807 0.0073217
482.738 0.981434 0.00729545
483.093 0.970786 0.00722774
483.447 0.963988 0.00702386
483.801 0.96539 0.00684982
484.155 0.97635 0.00678456
484.509 0.899397 0.00604966
484.863 0.846111 0.00393994
485.217 0.943487 0.00364739
485.571 0.947 0.00361494
485.925 1.08582 0.00471564
486.279 1.03391 0.00548316
486.632 1.0019 0.00589495
486.986 1.01122 0.00642908
487.34 0.994937 0.00684934
487.694 0.984264 0.00705479
488.047 0.969337 0.00708391
488.401 0.97311 0.00708941
488.754 0.969496 0.00712049
489.108 0.976996 0.00724658
489.461 0.980505 0.00733389
489.815 0.979273 0.00741507
490.168 0.969642 0.00729141
490.522 0.977435 0.00729623
490.875 0.9773 0.00730528
491.228 0.976138 0.00733719
491.581 0.968891 0.0072646
491.935 0.986599 0.0073503
492.288 0.971416 0.00731702
492.641 0.971481 0.00727565
492.994 0.959794 0.00721122
493.347 0.979505 0.00724048
493.7 0.971113 0.00717148
494.053 0.975117 0.00720979
494.406 0.981293 0.00732816
494.759 0.990101 0.00753247
495.111 0.957762 0.00723275
495.464 0.94955 0.00689517
495.817 0.961968 0.00674079
496.169 0.992383 0.00703386
496.522 0.990423 0.00730123
496.875 0.978966 0.00753222
497.227 0.962633 0.00752415
497.58 0.973352 0.00761382
497.932 0.972417 0.00754455
498.285 0.967069 0.00747095
498.637 0.967515 0.00729973
498.989 0.965731 0.00718785
499.342 0.980482 0.00724603
499.694 0.983438 0.00740291
500.046 0.982659 0.00753223
500.398 0.959163 0.00726434
500.751 0.971159 0.00718353
501.103 0.967494 0.0071883
501.455 0.971759 0.0071899
501.807 0.968617 0.00719068
502.159 0.979682 0.00723243
502.511 0.974905 0.00722646
502.862 0.989977 0.00729824
503.214 0.984769 0.007372
503.566 0.988688 0.00752075
503.918 0.969913 0.00754721
504.27 0.971749 0.00753331
504.621 0.978337 0.0075646
504.973 0.98207 0.00765306
505.324 0.971615 0.0075861
505.676 0.975998 0.00746935
506.027 0.972644 0.00742211
506.379 0.984009 0.00770104
506.73 0.974826 0.00783289
507.082 0.971327 0.0077493
507.433 0.96898 0.0076265
507.784 0.978695 0.007612
508.136 0.984068 0.00773065
508.487 0.978322 0.007742
508.838 0.971295 0.00782211
509.189 0.975449 0.00784381
509.54 0.968787 0.00772781
509.891 0.977849 0.00784461
510.242 0.969374 0.00778471
510.593 0.97125 0.00784442
510.944 0.97891 0.00793258
511.295 0.976007 0.0080393
511.646 0.986319 0.00822162
511.996 0.973105 0.00812331
512.347 0.971971 0.00805801
512.698 0.977859 0.00806424
513.049 0.971442 0.00805334
513.399 0.98425 0.00821878
513.75 0.974049 0.00813855
514.1 0.97641 0.00822144
514.451 0.983726 0.00846391
514.801 0.983941 0.00852785
515.152 0.979387 0.00839937
515.502 0.961429 0.00817051
515.852 0.973275 0.00814772
516.202 0.978877 0.00816709
516.553 0.982064 0.00827183
516.903 0.976321 0.00837015
517.253 0.982409 0.0085363
517.603 0.977877 0.00857329
517.953 0.958446 0.00839386
518.303 0.978137 0.00834149
518.653 0.963685 0.00815471
519.003 0.978316 0.0082895
519.353 0.992164 0.00861797
519.703 0.997213 0.00889485
520.052 0.977612 0.00882082
520.402 0.973328 0.00877946
520.752 0.970071 0.00866892
521.102 0.968901 0.00869508
521.451 0.975749 0.00885966
521.801 0.971352 0.0088157
522.15 0.97279 0.00876508
522.5 0.963471 0.00861686
522.849 0.974581 0.0086895
523.199 0.974843 0.00857705
523.548 0.981712 0.00858573
523.897 0.98076 0.00856508
524.246 0.994495 0.00880026
524.596 0.987226 0.00891214
524.945 0.967169 0.00876011
525.294 0.975465 0.00878901
525.643 0.974622 0.0087942
525.992 0.977832 0.00878915
526.341 0.965918 0.00866725
526.69 0.979906 0.00881821
527.039 0.987543 0.00893097
527.388 0.962134 0.00886717
527.737 0.953654 0.0085939
528.086 0.970648 0.00839826
528.434 0.982847 0.0082755
528.783 0.985251 0.00839147
529.132 0.978087 0.00853439
529.48 0.980305 0.00868548
529.829 0.978137 0.00876837
530.177 0.981232 0.00883771
530.526 0.978269 0.0088831
530.874 0.967235 0.00874173
531.223 0.9602 0.00869123
531.571 0.959593 0.00868465
531.919 0.973944 0.00877279
532.268 0.951671 0.00844713
532.616 0.963551 0.0082156
532.964 0.967072 0.00807239
533.312 0.982025 0.00815563
533.66 0.974926 0.00812411
534.008 0.966321 0.00806038
534.356 0.969324 0.00806014
534.704 0.980431 0.00818703
535.052 0.971328 0.00822321
535.4 0.985524 0.00845777
535.748 0.985294 0.00868438
536.095 0.981167 0.00888744
536.443 0.974416 0.00889788
536.791 0.960025 0.00868929
537.139 0.956692 0.00845875
537.486 0.960426 0.00830296
537.834 0.965149 0.00823552
538.181 0.969194 0.00822047
538.529 0.973785 0.0082415
538.876 0.98416 0.00830157
539.223 0.979355 0.00836971
539.571 0.976108 0.00853312
539.918 0.968648 0.00849516
540.265 0.956792 0.00829817
540.613 0.97463 0.00825338
540.96 0.973738 0.00830594
541.307 0.969764 0.008317
541.654 0.984495 0.00843231
542.001 0.968406 0.00830443
542.348 0.975095 0.00834858
542.695 0.96676 0.00832272
543.042 0.962518 0.00818479
543.388 0.960968 0.00809099
543.735 0.971207 0.00809803
544.082 0.971411 0.00809945
544.429 0.976141 0.00812734
544.775 0.979521 0.00830867
545.122 0.983031 0.00856575
545.469 0.972315 0.00869228
545.815 0.965288 0.00865038
546.162 0.966539 0.00859291
546.508 0.95469 0.0083613
546.854 0.963093 0.00817256
547.201 0.949266 0.0077529
547.547 0.970451 0.00775839
547.893 0.977521 0.00790649
548.24 0.995066 0.00832767
548.586 0.990306 0.00876578
548.932 0.978394 0.00883895
549.278 0.974209 0.00891874
549.624 0.965828 0.00876247
549.97 0.978063 0.00891393
550.316 0.980759 0.00912391
550.662 0.971298 0.00914379
551.008 0.945409 0.00872372
551.353 0.964529 0.00831587
551.699 0.959906 0.00798486
552.045 0.994737 0.00829956
552.391 0.976701 0.0084416
552.736 0.969676 0.00845809
553.082 0.956917 0.00843509
553.427 0.985441 0.00865532
553.773 0.990103 0.00897562
554.118 0.966531 0.00896273
554.464 0.959666 0.00869214
554.809 0.947123 0.00832749
555.154 0.960771 0.00818817
555.5 0.983712 0.00834197
555.845 0.994257 0.00862489
556.19 0.973565 0.00873127
556.535 0.971147 0.00896604
556.88 0.962683 0.00885684
557.225 0.978656 0.0088691
557.57 0.984385 0.00899744
557.915 0.989157 0.00929231
558.26 0.970983 0.00930517
558.605 0.975304 0.00935752
558.95 0.968721 0.00917541
559.295 0.931275 0.00855709
559.639 0.95076 0.00828424
559.984 0.95663 0.00802087
560.329 0.975519 0.00800798
560.673 0.98504 0.00806681
561.018 0.992915 0.0082959
561.362 0.980216 0.00843434
561.707 0.972817 0.00862373
562.051 0.964677 0.00851564
562.395 0.966152 0.00848952
562.74 0.967363 0.00830267
563.084 0.957463 0.00813108
563.428 0.954922 0.0079375
563.772 0.977044 0.00806257
564.117 0.964465 0.00795458
564.461 0.972227 0.00794874
564.805 0.971641 0.00803149
565.149 0.961006 0.00795701
565.493 0.966456 0.00795592
565.836 0.955591 0.0077986
566.18 0.963496 0.00774024
566.524 0.934121 0.00716059
566.868 0.952924 0.00698449
567.212 0.962669 0.00688739
567.555 0.958304 0.00678795
567.899 0.946675 0.00648001
568.242 0.957925 0.00624133
568.586 0.940867 0.00582468
568.929 0.941162 0.00545019
569.273 0.952669 0.00516206
569.616 0.969131 0.00514142
569.96 0.95641 0.00504189
570.303 0.959267 0.00489788
570.646 0.960679 0.00482679
570.989 0.957423 0.0046867
571.333 0.977438 0.00473216
571.676 0.984566 0.00488702
572.019 0.997397 0.00533012
572.362 0.943632 0.00503535
572.705 0.934512 0.00465017
573.048 0.950181 0.00443007
573.391 0.953454 0.00429421
573.733 0.956443 0.00420514
574.076 0.955553 0.00415674
574.419 0.978263 0.00426948
574.762 0.982541 0.00450484
575.104 0.998789 0.00483918
575.447 0.956613 0.00481142
575.789 0.939025 0.00451642
576.132 0.947239 0.00423466
576.474 0.959422 0.00423516
576.817 0.935168 0.00389336
577.159 0.938874 0.00368043
577.501 0.963605 0.003682
577.844 0.987984 0.00393231
578.186 1.0162 0.00444586
578.528 0.979283 0.00463575
578.87 0.968229 0.00463498
579.212 0.945166 0.00448701
579.554 0.955913 0.00432761
579.896 0.967296 0.00438569
580.238 0.941947 0.00417648
580.58 0.911139 0.00360477
580.922 0.905606 0.00345692
581.264 0.905561 0.00345676
581.606 0.91708 0.00350073
581.947 0.984024 0.00383501
582.289 1.01097 0.00427302
582.631 1.01514 0.0047595
582.972 0.977771 0.00502864
583.314 0.963666 0.00501362
583.655 0.949094 0.00487198
583.997 0.926029 0.00443544
584.338 0.933324 0.00410086
584.679 0.939106 0.00392515
585.021 0.974855 0.00402873
585.362 0.994279 0.00435459
585.703 1.00463 0.00470396
586.044 0.957398 0.00471862
586.385 0.944782 0.00445917
586.726 0.945968 0.00424307
587.067 0.985721 0.00441199
587.408 0.984947 0.00466878
587.749 0.986391 0.0048924
588.09 0.983537 0.00510013
588.431 0.99507 0.00539346
588.772 0.981246 0.00563692
589.113 0.960006 0.00551796
589.453 0.966866 0.00551165
589.794 0.985445 0.00567994
590.134 0.983598 0.0059584
590.475 0.975664 0.00612616
590.815 0.957347 0.00605585
591.156 0.96928 0.00608196
591.496 0.94377 0.00594497
591.837 0.897556 0.00502883
592.177 0.928048 0.00462084
592.517 0.952824 0.00439077
592.857 0.99052 0.00464802
593.198 0.993861 0.00492927
593.538 1.01113 0.00545254
593.878 0.977339 0.00564555
594.218 0.947631 0.00544882
594.558 0.947525 0.00521184
594.898 0.967837 0.0053384
595.237 0.994699 0.00569597
595.577 0.987779 0.00606123
595.917 0.987645 0.0064119
596.257 0.954697 0.00616456
596.596 0.943991 0.00596188
596.936 0.966976 0.00584581
597.276 0.979727 0.00610466
597.615 0.956646 0.00603125
597.955 0.908207 0.00527832
598.294 0.945208 0.0049416
598.633 0.96683 0.00494272
598.973 0.989185 0.0051901
599.312 0.959617 0.00513889
599.651 0.971893 0.00516161
599.991 0.980101 0.00532004
600.33 0.976878 0.00536813
600.669 0.98015 0.00553841
601.008 0.981921 0.00570915
601.347 0.983475 0.00595405
601.686 0.957114 0.00576301
602.025 0.971764 0.00580594
602.364 0.944195 0.00549291
602.702 0.973587 0.00547316
603.041 0.968375 0.00543179
603.38 0.988875 0.00569134
603.719 0.990393 0.00598179
604.057 0.971098 0.00613512
604.396 0.966296 0.00612521
604.734 0.943058 0.00590687
605.073 0.932486 0.00536448
605.411 0.969186 0.00547172
605.75 0.976591 0.00560236
606.088 0.982337 0.00597118
606.426 0.954093 0.00581578
606.764 0.962351 0.00574261
607.103 0.979668 0.00586588
607.441 0.974711 0.00611102
607.779 0.979539 0.00630205
608.117 0.964866 0.00622404
608.455 0.990787 0.00649049
608.793 0.964167 0.0065779
609.131 0.941928 0.00615167
609.469 0.961059 0.00598651
609.806 0.966813 0.00598244
610.144 0.984786 0.00647935
610.482 0.964955 0.00660202
610.819 0.964991 0.00656352
611.157 0.965318 0.00658726
611.495 0.972356 0.00682503
611.832 0.975679 0.00691726
612.17 0.955787 0.00679736
612.507 0.959704 0.00672118
612.844 0.963231 0.00678702
613.182 0.967115 0.00683696
613.519 0.960141 0.00677352
613.856 0.958547 0.00672444
614.193 0.94954 0.0066699
614.53 0.960999 0.0065512
614.867 0.959756 0.00645738
615.205 0.994435 0.00690884
615.541 0.976307 0.00706001
615.878 0.971088 0.0073776
616.215 0.968064 0.00737485
616.552 0.96077 0.00738444
616.889 0.949646 0.00723268
617.226 0.9671 0.00716599
617.562 0.968084 0.00729654
617.899 0.984042 0.00780037
618.235 0.997832 0.00829376
618.572 0.970384 0.00853516
618.908 0.947915 0.00828062
619.245 0.949245 0.0079222
619.581 0.955765 0.00773833
619.918 0.993025 0.00831859
620.254 1.01469 0.00948794
620.59 0.956825 0.00962892
620.926 0.930921 0.0089887
621.262 0.951381 0.00858854
621.599 0.962195 0.0084788
621.935 0.947834 0.00845321
622.271 0.954979 0.008175
622.606 0.949966 0.00791091
622.942 0.977179 0.00812139
623.278 0.977089 0.00843691
623.614 0.937378 0.00794776
623.95 0.966106 0.00793964
624.285 0.960237 0.00800712
624.621 0.991138 0.00856429
624.957 0.973665 0.00880292
625.292 0.973357 0.00899789
625.628 0.980855 0.00938227
625.963 0.963241 0.00941825
626.299 0.950755 0.00919068
626.634 0.952819 0.00904065
626.969 0.987503 0.00931038
627.304 0.994338 0.00994936
627.64 0.972624 0.0106237
627.975 0.960492 0.0106063
628.31 0.925221 0.0099223
628.645 0.963006 0.00972296
628.98 0.972504 0.0099364
629.315 0.964725 0.0100239
629.65 0.951126 0.0100503
629.985 0.961493 0.0101148
630.319 0.986344 0.0106554
630.654 0.951974 0.0106546
630.989 0.961969 0.0106421
631.323 0.975124 0.0109233
631.658 0.981428 0.0112768
631.993 0.973278 0.0117513
632.327 0.945391 0.0116854
632.662 0.946423 0.0116676
632.996 0.955148 0.0115635
633.33 0.9636 0.0115075
633.665 0.969888 0.0117451
633.999 0.969512 0.0120659
634.333 0.967682 0.0122121
634.667 0.960754 0.0121765
635.001 0.927226 0.0116245
635.335 0.932535 0.0113024
635.669 0.943337 0.0109074
636.003 0.952869 0.0109676
636.337 0.966825 0.0114826
636.671 0.957719 0.0119889
637.005 0.962887 0.0125258
637.339 0.954315 0.0125119
637.672 0.945301 0.0121306
638.006 0.955887 0.0118847
638.339 0.960516 0.01189
638.673 0.974083 0.0123898
639.006 0.967124 0.0126401
639.34 0.952956 0.0126778
639.673 0.965991 0.0128895
640.007 0.953163 0.0128214
640.34 0.965588 0.0130269
640.673 0.972205 0.0133536
641.006 0.96644 0.0134547
641.34 0.954184 0.0134734
641.673 0.974847 0.0139482
642.006 0.963341 0.0141248
642.339 0.962109 0.0139528
642.672 0.960949 0.0138202
643.004 0.95369 0.0138268
643.337 0.97091 0.0142498
643.67 0.945568 0.0141959
644.003 0.931993 0.013854
644.336 0.949869 0.0140704
644.668 0.940369 0.0140396
645.001 0.973399 0.0144592
645.333 0.977072 0.014702
645.666 0.993066 0.0152428
645.998 0.966719 0.0154155
646.331 0.936454 0.015179
646.663 0.936979 0.0151615
646.995 0.904354 0.0141609
647.327 0.925905 0.013396
647.66 0.928406 0.0124561
647.992 0.948465 0.0122614
648.324 0.94684 0.0121414
648.656 0.951119 0.0123225
648.988 0.960662 0.0127827
649.32 0.976037 0.0136123
649.652 0.966676 0.0143559
649.983 0.960197 0.0146879
650.315 0.956087 0.0148716
650.647 0.924514 0.0143805
650.979 0.942288 0.0139081
651.31 0.92661 0.0132821
651.642 0.926548 0.012797
651.973 0.941543 0.0128557
652.305 0.95928 0.012967
652.636 0.950927 0.0129715
652.967 0.972106 0.0134813
653.299 0.96132 0.0136436
653.63 0.949056 0.0136212
653.961 0.922528 0.0127865
654.292 0.842437 0.0102131
654.623 0.588596 0.00354184
654.955 0.89879 0.00343091
655.286 0.898735 0.0034307
655.616 0.898679 0.00343048
655.947 0.898622 0.00343027
656.278 0.898564 0.00343005
656.609 0.898506 0.00342982
656.94 1.09339 0.00475827
657.27 1.0493 0.00552314
657.601 1.02974 0.00626984
657.932 1.041 0.00749767
658.262 1.0404 0.00915032
658.593 1.03626 0.0111469
658.923 1.02682 0.0132649
659.254 0.993398 0.0145336
659.584 0.987327 0.0155649
659.914 0.975456 0.0161867
660.244 0.968688 0.0166802
660.575 0.964056 0.0167434
660.905 0.953524 0.0166541
661.235 0.944063 0.0163531
661.565 0.929296 0.016033
661.895 0.962677 0.0162766
662.225 0.964594 0.0165269
662.555 0.952644 0.0165684
662.884 0.96727 0.0166828
663.214 0.940244 0.0161356
663.544 0.952071 0.0160188
663.873 0.97043 0.0161493
664.203 0.912719 0.0151889
664.533 0.957213 0.015432
664.862 0.958859 0.015221
665.192 0.954122 0.0154532
665.521 0.981506 0.0163633
665.85 0.963501 0.0169204
666.18 0.953679 0.0174585
666.509 0.935031 0.0172204
666.838 0.952188 0.0173028
667.167 0.952063 0.017015
667.496 0.963301 0.0172068
667.825 0.933983 0.016855
668.154 0.918599 0.0167671
668.483 0.958215 0.0171535
668.812 0.942323 0.0166428
669.141 0.957767 0.0166314
669.47 0.920939 0.0159161
669.798 0.942249 0.016217
670.127 0.953398 0.0166979
670.456 0.92709 0.015806
670.784 0.917101 0.0141655
671.113 0.921663 0.01295
671.441 0.932429 0.0121503
671.77 0.953383 0.0123491
672.098 0.964718 0.0128701
672.426 0.989927 0.0142758
672.755 0.950216 0.0149839
673.083 0.941843 0.015382
673.411 0.947266 0.015552
673.739 0.963616 0.0157869
674.067 0.949872 0.0161701
674.395 0.946017 0.0165409
674.723 0.913394 0.0157986
675.051 0.942427 0.0158712
675.379 0.951147 0.016002
675.706 0.95329 0.0159998
676.034 0.951193 0.0163039
676.362 0.967819 0.0167372
676.689 0.894135 0.0152733
677.017 0.925824 0.0143915
677.344 0.932331 0.0138204
677.672 0.962649 0.0140683
677.999 0.961546 0.014487
678.327 0.946018 0.0141393
678.654 0.924565 0.0132411
678.981 0.929203 0.0129036
679.308 0.961828 0.0130582
679.636 0.964056 0.0135572
679.963 0.955973 0.0141633
680.29 0.945375 0.0145071
680.617 0.942335 0.0142272
680.944 0.941254 0.0139428
681.271 0.960284 0.0141439
681.597 0.97282 0.015065
681.924 0.965505 0.0160432
682.251 0.938856 0.016235
682.578 0.922983 0.0153795
682.904 0.934277 0.0144936
683.231 0.92028 0.013729
683.557 0.931962 0.0134376
683.884 0.937435 0.0131772
684.21 0.91992 0.012645
684.536 0.926656 0.0122526
684.863 0.958393 0.0123093
685.189 0.952536 0.0123091
685.515 0.967295 0.0129462
685.841 0.95936 0.0134238
686.167 0.933639 0.0134423
686.493 0.94972 0.0132487
686.819 0.948252 0.0133103
687.145 0.969945 0.0139287
687.471 0.978953 0.0149871
687.797 0.967318 0.0156524
688.123 0.919955 0.0151281
688.448 0.940461 0.0150592
688.774 0.941341 0.0144756
689.1 0.937042 0.0145936
689.425 0.953809 0.0152465
689.751 0.942243 0.0154628
690.076 0.918431 0.0147414
690.402 0.914395 0.0136955
690.727 0.929253 0.0133156
691.052 0.956279 0.0136608
691.377 0.976322 0.0143101
691.703 0.949847 0.0144027
692.028 0.954947 0.0146717
692.353 0.950633 0.0142177
692.678 0.948443 0.0141935
693.003 0.947541 0.014391
693.328 0.972248 0.01581
693.652 0.959277 0.0166535
693.977 0.939091 0.0163273
694.302 0.914542 0.0153237
694.627 0.917056 0.0147825
694.951 0.960011 0.0156032
695.276 0.963893 0.0168775
695.6 0.957351 0.0176118
695.925 0.888014 0.0154316
696.249 0.904529 0.0136329
696.574 0.921385 0.0126837
696.898 0.973819 0.0133302
697.222 0.958829 0.0139581
697.546 0.954909 0.0145455
697.871 0.923073 0.0147572
698.195 0.951131 0.0151492
698.519 0.957121 0.0154897
698.843 0.957749 0.0158608
699.167 0.950448 0.016394
699.491 0.927328 0.0167678
699.814 0.94421 0.0173282
700.138 0.921957 0.0170818
700.462 0.928753 0.0172959
700.786 0.943721 0.0174603
701.109 0.924057 0.016893
701.433 0.908456 0.0160515
701.756 0.926897 0.0156985
702.08 0.933995 0.015658
702.403 0.930743 0.0157686
702.726 0.960911 0.0166778
703.05 0.967917 0.0173014
703.373 0.946424 0.0174514
703.696 0.935235 0.0173229
704.019 0.944428 0.0179438
704.342 0.943417 0.0184864
704.665 0.946633 0.019206
704.988 0.918483 0.0191382
705.311 0.905432 0.0181284
705.634 0.892611 0.0164437
705.957 0.907781 0.0148247
706.28 0.908438 0.0136701
706.602 0.936698 0.0134408
706.925 0.936494 0.0135652
707.247 0.950482 0.014183
707.57 0.959313 0.0149238
707.892 0.941591 0.015147
708.215 0.946268 0.0158759
708.537 0.950701 0.0165662
708.859 0.94678 0.0168529
709.182 0.973245 0.0169929
709.504 0.927591 0.0159906
709.826 0.925048 0.0156391
710.148 0.939025 0.0158668
710.47 0.949148 0.0163543
710.792 0.947087 0.0168336
711.114 0.930156 0.0171851
711.436 0.921745 0.0177021
711.758 0.931974 0.0175785
712.079 0.925649 0.0172993
712.401 0.923903 0.0167254
712.723 0.898917 0.0156873
713.044 0.911719 0.0150503
713.366 0.93569 0.0148401
713.687 0.931419 0.0147543
714.009 0.963017 0.0155267
714.33 0.939136 0.0156027
714.652 0.933675 0.0160242
714.973 0.957945 0.0167523
715.294 0.944468 0.0173893
715.615 0.975044 0.0187524
715.936 0.936249 0.0188543
716.257 0.935097 0.0191692
716.578 0.979891 0.019742
716.899 0.941614 0.0190911
717.22 0.914608 0.0175561
717.541 0.920113 0.0171432
717.862 0.918892 0.0167388
718.182 0.920382 0.0170109
718.503 0.912313 0.0164874
718.824 0.954336 0.0170826
719.144 0.942357 0.0171772
719.465 0.940746 0.0176339
719.785 0.929151 0.0173847
720.105 0.913679 0.0167556
720.426 0.926914 0.0167259
720.746 0.944416 0.0171245
721.066 0.928638 0.0170598
721.386 0.939444 0.01736
721.706 0.939766 0.017834
722.026 0.927049 0.0179227
722.346 0.91331 0.0181146
722.666 0.914507 0.0179905
722.986 0.93372 0.0177971
723.306 0.946074 0.0179751
723.626 0.952495 0.0183731
723.946 0.934431 0.0182218
724.265 0.911176 0.0172522
724.585 0.912905 0.0163827
724.904 0.907615 0.0158735
725.224 0.952866 0.0164077
725.543 0.937521 0.0162518
725.863 0.930536 0.0162135
726.182 0.925372 0.0165758
726.501 0.935537 0.0173334
726.82 0.95314 0.0176412
727.14 0.90493 0.01656
727.459 0.92817 0.0163998
727.778 0.919805 0.0160705
728.097 0.946487 0.0165257
728.416 0.921148 0.0160927
728.734 0.911623 0.0156319
729.053 0.93581 0.0155826
729.372 0.934414 0.0155605
729.691 0.893766 0.014913
730.009 0.91008 0.0142317
730.328 0.916588 0.0138325
730.647 0.945581 0.0139945
730.965 0.940992 0.0143005
731.283 0.955584 0.01498
731.602 0.944578 0.0152801
731.92 0.936749 0.015101
732.238 0.911526 0.0145004
732.557 0.920994 0.0142018
732.875 0.925261 0.014175
733.193 0.909455 0.0132994
733.511 0.92489 0.0129003
733.829 0.937173 0.013101
734.147 0.960256 0.0140844
734.465 0.948544 0.0148224
734.782 0.909164 0.0145037
735.1 0.919893 0.0144033
735.418 0.921711 0.0142726
735.735 0.916927 0.0141427
736.053 0.936818 0.0143822
736.371 0.919253 0.014196
736.688 0.921419 0.0146157
737.005 0.953036 0.0157534
737.323 0.941651 0.0164371
737.64 0.944772 0.0166989
737.957 0.909865 0.0158415
738.274 0.888214 0.0142564
738.592 0.914277 0.0138249
738.909 0.936959 0.0141608
739.226 0.962536 0.0155563
739.543 0.952477 0.0167056
739.86 0.937269 0.0173671
740.176 0.946729 0.0181856
740.493 0.946375 0.0190093
740.81 0.958226 0.0194147
741.127 0.907291 0.0184645
741.443 0.920416 0.018009
741.76 0.902461 0.0169887
742.076 0.943786 0.017279
742.393 0.929438 0.0177474
742.709 0.942269 0.0189226
743.025 0.933701 0.0196067
743.342 0.895967 0.0189986
743.658 0.913209 0.0188881
743.974 0.91053 0.0184735
744.29 0.90415 0.0180688
744.606 0.932093 0.0186933
744.922 0.926467 0.0187989
745.238 0.9305 0.0188615
745.554 0.93011 0.019172
745.87 0.918564 0.0192279
746.186 0.909998 0.0186786
746.501 0.936438 0.0182629
746.817 0.934557 0.0180995
747.132 0.947651 0.0193147
747.448 0.936982 0.0202165
747.763 0.909668 0.0200298
748.079 0.890017 0.019117
748.394 0.895784 0.0178193
748.71 0.899148 0.016667
749.025 0.88701 0.015418
749.34 0.908315 0.0152685
749.655 0.927072 0.0155241
749.97 0.943697 0.0162841
750.285 0.930475 0.0164
750.6 0.92495 0.0161793
750.915 0.922792 0.0155562
751.23 0.934691 0.0158009
751.545 0.927986 0.0162054
751.859 0.941416 0.0171226
752.174 0.939556 0.017732
752.489 0.903838 0.0164976
752.803 0.908644 0.0156247
753.118 0.925899 0.0154386
753.432 0.933122 0.0158275
753.747 0.953818 0.0167179
754.061 0.913264 0.0160557
754.375 0.906548 0.0152942
754.689 0.922897 0.0149838
755.004 0.927951 0.0147627
755.318 0.937031 0.0146483
755.632 0.905008 0.013814
755.946 0.934527 0.0136715
756.26 0.911146 0.0130346
756.573 0.900352 0.012226
756.887 0.914653 0.0119597
757.201 0.931257 0.012104
757.515 0.959122 0.0132821
757.828 0.969226 0.0144023
758.142 0.924029 0.0142321
758.455 0.887826 0.0131042
758.769 0.8925 0.0124073
759.082 0.910853 0.0123022
759.396 0.925257 0.0121171
759.709 0.920689 0.0119752
760.022 0.919256 0.0119002
760.335 0.9525 0.0126515
760.648 0.950163 0.0134454
760.962 0.951624 0.0144792
761.275 0.943863 0.0153023
761.587 0.927992 0.0155407
761.9 0.954791 0.0158759
762.213 0.902021 0.0149636
762.526 0.914592 0.0145154
762.839 0.918406 0.0144813
763.151 0.903581 0.0140082
763.464 0.899266 0.0132622
763.776 0.898926 0.0123991
764.089 0.896138 0.0118585
764.401 0.917717 0.0123221
764.714 0.917825 0.0129593
765.026 0.944751 0.0140062
765.338 0.948729 0.0149113
765.65 0.964529 0.0162737
765.962 0.931994 0.0168492
766.275 0.930509 0.0175475
766.587 0.906319 0.0175472
766.898 0.891567 0.0169361
767.21 0.91063 0.0163868
767.522 0.869748 0.0147537
767.834 0.895765 0.0142419
768.146 0.925593 0.0145186
768.457 0.928023 0.0151006
768.769 0.906395 0.0157458
769.08 0.903339 0.0161161
769.392 0.904749 0.0156452
769.703 0.881929 0.0146402
770.015 0.896011 0.014154
770.326 0.915889 0.0142065
770.637 0.934502 0.014793
770.948 0.959666 0.0160138
771.26 0.929662 0.0168661
771.571 0.927839 0.0171391
771.882 0.936569 0.0171928
772.193 0.907559 0.0165278
772.504 0.909773 0.0167944
772.814 0.917584 0.0175387
773.125 0.911512 0.017747
773.436 0.919176 0.0182289
773.747 0.914054 0.0187859
774.057 0.925719 0.0194201
774.368 0.939723 0.0196375
774.678 0.925439 0.0199571
774.989 0.908643 0.0203357
775.299 0.903773 0.0208334
775.609 0.903201 0.0208388
775.919 0.872708 0.0202617
776.23 0.898537 0.02032
776.54 0.916416 0.0208433
776.85 0.900171 0.0204826
777.16 0.913965 0.0205063
777.47 0.900742 0.0194622
777.78 0.891628 0.0182463
778.089 0.892841 0.0172471
778.399 0.912504 0.0173892
778.709 0.921862 0.0178334
779.019 0.951088 0.019151
779.328 0.946093 0.0203293
779.638 0.877504 0.0196635
779.947 0.868342 0.0183308
780.257 0.870332 0.0165344
780.566 0.896926 0.0159961
780.875 0.913392 0.0161886
781.185 0.924902 0.0171202
781.494 0.941698 0.0179294
781.803 0.894267 0.0175849
782.112 0.903751 0.0181552
782.421 0.89974 0.0179866
782.73 0.904482 0.0176675
783.039 0.907821 0.0177327
783.348 0.904752 0.0185796
783.656 0.949915 0.0206997
783.965 0.903366 0.02047
784.274 0.899611 0.0199894
784.582 0.904356 0.0193928
784.891 0.912267 0.01911
785.199 0.889261 0.0189918
785.508 0.921248 0.0200909
785.816 0.907128 0.0202821
786.124 0.922556 0.0204322
786.432 0.866235 0.0185682
786.741 0.898205 0.0182089
787.049 0.925713 0.0182617
787.357 0.87764 0.0177417
787.665 0.868206 0.0175609
787.973 0.899466 0.0180489
788.281 0.939338 0.0190298
788.588 0.905525 0.0194426
788.896 0.915875 0.0207358
789.204 0.891727 0.0211032
789.511 0.882016 0.0213523
789.819 0.886204 0.021503
790.126 0.900404 0.0218403
790.434 0.894597 0.0219312
790.741 0.925254 0.0224837
791.049 0.884911 0.0217046
791.356 0.912734 0.0226317
791.663 0.932961 0.0240475
791.97 0.887059 0.0229756
792.277 0.970379 0.0248144
792.584 0.886433 0.0220478
792.891 0.830043 0.0187524
793.198 0.868492 0.0176527
793.505 0.89355 0.0174301
793.812 0.905516 0.0177418
794.119 0.903075 0.0182435
794.425 0.928965 0.0188539
794.732 0.902979 0.0194004
795.038 0.988134 0.0224842
795.345 0.94794 0.0236884
795.651 0.897004 0.0243273
795.958 0.868629 0.0242479
796.264 0.831773 0.0228378
796.57 0.875246 0.0221125
796.876 0.886862 0.021687
797.183 0.921041 0.0226365
797.489 0.910748 0.0233881
797.795 0.886631 0.0232904
798.101 0.897007 0.0237008
798.406 0.901759 0.0235427
798.712 0.887551 0.0236364
799.018 0.923161 0.0249596
799.324 0.894913 0.0247765
799.629 0.906525 0.0251794
799.935 0.939321 0.025677
800.24 0.919249 0.0255827
800.546 0.893828 0.0250115
800.851 0.947234 0.0268504
801.157 0.893804 0.0264392
801.462 0.871226 0.0264987
801.767 0.892758 0.0271183
802.072 0.850783 0.025482
802.377 0.863352 0.0248052
802.682 0.84183 0.0238842
802.987 0.861597 0.0242755
803.292 0.923589 0.0265543
803.597 0.896871 0.0265955
803.902 0.933291 0.0272282
804.207 0.838035 0.0250686
804.511 0.851369 0.0248322
804.816 0.854127 0.0241189
805.12 0.836051 0.0221814
805.425 0.878822 0.0213484
805.729 0.899417 0.021467
806.034 0.926879 0.0224641
806.338 0.890525 0.0228519
806.642 0.907444 0.0240235
806.946 0.872081 0.0234921
807.251 0.906138 0.0239561
807.555 0.931458 0.0241984
807.859 0.865841 0.0231459
808.162 0.903669 0.0237563
808.466 0.906504 0.024723
808.77 0.885305 0.0249714
809.074 0.863332 0.0252355
809.378 0.88252 0.0260478
809.681 0.91127 0.0269758
809.985 0.928435 0.02708
810.288 0.876817 0.0259367
810.592 0.903446 0.0272247
810.895 0.890861 0.0271881
811.198 0.840658 0.0268981
811.502 0.911403 0.0298321
811.805 0.846266 0.0282784
812.108 0.925546 0.0302767
812.411 0.830706 0.0272981
812.714 0.833759 0.0247792
813.017 0.856783 0.0237721
813.32 0.883677 0.0240904
813.623 0.881595 0.0243295
813.926 0.972619 0.0279835
814.228 0.899282 0.0280088
814.531 0.937682 0.0294471
814.833 0.84991 0.0283377
815.136 0.850408 0.0284078
815.438 0.838265 0.0288217
815.741 0.871509 0.0290215
816.043 0.87961 0.0287307
816.345 0.906952 0.0280796
816.648 0.865934 0.027651
816.95 0.900418 0.0285883
817.252 0.884743 0.029012
817.554 0.88272 0.0290516
817.856 0.87762 0.0296167
818.158 0.889289 0.030576
818.46 0.891368 0.0313239
818.761 0.883576 0.0305946
819.063 0.895452 0.030757
819.365 0.874762 0.0299965
819.666 0.857549 0.0279932
819.968 0.887538 0.0275529
820.269 0.918856 0.0268844
820.571 0.90356 0.0273897
820.872 0.906805 0.0283987
821.173 0.942586 0.0301768
821.475 0.863802 0.029484
821.776 0.878999 0.0300323
822.077 0.852315 0.0297243
822.378 0.849209 0.0291396
822.679 0.859998 0.0301063
822.98 0.871154 0.0308294
823.281 0.931853 0.0324981
823.581 0.858263 0.0309822
823.882 0.947774 0.0332252
824.183 0.847106 0.0306132
824.483 0.869244 0.0303774
824.784 0.802588 0.027549
825.084 0.907651 0.0296021
825.385 0.82706 0.0278123
825.685 0.882532 0.0298017
825.985 0.938561 0.0316023
826.286 0.877752 0.0304136
826.586 0.823296 0.0284498
826.886 0.828126 0.0283784
827.186 0.850387 0.0283803
827.486 0.887729 0.030123
827.786 0.878649 0.0310289
828.086 0.92417 0.0322081
828.386 0.887905 0.0304775
828.685 0.922146 0.0310496
828.985 0.941077 0.0324432
829.285 0.929575 0.0323521
829.584 0.863456 0.03132
829.884 0.865062 0.0323302
830.183 0.786072 0.0310422
830.482 0.909004 0.0346784
830.782 0.896196 0.0347527
831.081 0.949237 0.037838
831.38 0.882461 0.0357108
831.679 0.772478 0.0311016
831.978 0.883041 0.0332393
832.277 0.829721 0.0316149
832.576 0.897305 0.0332347
832.875 0.916982 0.0338587
833.174 0.825228 0.031418
833.472 0.868417 0.0333644
833.771 0.913149 0.0334601
834.07 0.869755 0.0319672
834.368 0.876593 0.0322803
834.667 0.872376 0.0328644
834.965 0.904935 0.034132
835.263 0.919014 0.034677
835.562 0.897592 0.0339508
835.86 0.854728 0.0331869
836.158 0.908619 0.0352644
836.456 0.928006 0.0373807
836.754 0.804186 0.0329115
837.052 0.863883 0.0350403
837.35 0.813842 0.0334979
837.648 0.897635 0.0368587
837.946 0.859199 0.0348176
838.243 0.822926 0.0349811
838.541 0.830943 0.0349305
838.839 0.864009 0.0341805
839.136 0.892078 0.0354167
839.434 0.908693 0.0356803
839.731 0.80227 0.0324958
840.028 0.876523 0.0362348
840.326 0.830187 0.0337838
840.623 0.861435 0.0353383
840.92 0.873999 0.0358025
841.217 0.965553 0.0392372
841.514 0.83691 0.0355572
841.811 0.84445 0.0351309
842.108 0.89712 0.0364052
842.405 0.803079 0.0348035
842.701 0.800546 0.0336358
842.998 0.83299 0.0356102
843.295 0.774077 0.0337449
843.591 0.857378 0.0363341
843.888 0.811448 0.035279
844.184 0.887044 0.0374014
844.481 0.786536 0.0343436
844.777 0.921733 0.038864
845.073 0.932727 0.0385023
845.369 0.815346 0.0351671
845.665 0.91434 0.0382074
845.962 0.917293 0.0379754
846.258 0.864917 0.0375636
846.553 0.909146 0.0391713
846.849 0.892936 0.0375365
847.145 0.832458 0.0356429
847.441 0.844166 0.0364101
847.737 0.952516 0.0398027
848.032 0.838094 0.0358098
848.328 0.837329 0.0358327
848.623 1.02928 0.0435305
848.919 0.843027 0.0372973
849.214 0.923285 0.0382981
849.509 0.805374 0.0366208
849.805 0.775128 0.0350611
850.1 0.855891 0.0375142
850.395 0.892857 0.0393275
850.69 0.908265 0.0394462
850.985 0.82613 0.0358217
851.28 0.923602 0.0386326
851.575 0.787493 0.0350159
851.869 0.92052 0.0380169
852.164 0.861231 0.036222
852.459 0.822113 0.033969
852.753 0.78616 0.0324993
853.048 0.884492 0.0337295
853.342 0.875958 0.0322694
853.637 0.877884 0.0330057
853.931 0.903282 0.0334691
854.225 0.877641 0.0332772
854.52 0.878558 0.0333662
854.814 0.864911 0.0339908
855.108 0.93491 0.0369198
855.402 0.957875 0.0364829
855.696 0.911945 0.0364007
855.99 0.887981 0.0356866
856.283 0.865424 0.0350699
856.577 0.887915 0.0353303
856.871 0.847057 0.0342145
857.164 0.881491 0.0358884
857.458 0.890068 0.0369562
857.751 0.882597 0.0358661
858.045 0.953096 0.0390984
858.338 0.843827 0.0352434
858.632 0.944504 0.0389696
858.925 0.973183 0.0394366
859.218 0.881046 0.0377035
859.511 0.910606 0.0379574
859.804 0.906138 0.0387976
860.097 0.796763 0.0351338
860.39 0.900403 0.0384125
860.683 0.89437 0.0377866
860.976 0.94891 0.0401314
861.268 0.942757 0.0395914
861.561 0.908882 0.0388142
861.854 0.926364 0.0393379
862.146 0.85605 0.0382364
862.439 0.88101 0.0379193
862.731 0.897163 0.0384733
863.023 0.816695 0.0358745
863.316 0.87132 0.0376606
863.608 0.796141 0.0341411
863.9 0.990893 0.0416961
864.192 0.831143 0.0367921
864.484 0.903566 0.0391169
864.776 0.883726 0.0372053
865.068 0.911086 0.0395263
865.36 0.893177 0.0385851
865.651 0.854513 0.0378055
865.943 0.909429 0.039948
866.235 0.846013 0.0378092
866.526 0.821009 0.0380068
866.818 0.891775 0.0392799
867.109 0.833393 0.0382556
867.4 0.846494 0.0373061
867.692 0.873668 0.0380865
867.983 0.860756 0.0376862
868.274 0.862104 0.0373615
868.565 0.797141 0.0363318
868.856 0.882047 0.038916
869.147 0.879217 0.0383696
869.438 0.903847 0.0409073
869.729 0.942351 0.0415993
870.02 0.918592 0.0405956
870.31 0.944913 0.0410816
870.601 0.850853 0.0375602
870.892 0.922758 0.0400756
871.182 0.917107 0.0405075
871.473 0.933009 0.0396201
871.763 0.908926 0.0400797
872.053 0.876054 0.0388449
872.343 0.907596 0.0389817
872.634 0.942671 0.0415217
872.924 0.986767 0.0436085
873.214 0.906554 0.0399092
873.504 0.895089 0.040048
873.794 0.806755 0.0375069
874.084 0.860715 0.038358
874.373 0.864823 0.0397222
874.663 0.846751 0.0379066
874.953 0.843992 0.0394811
875.242 0.859456 0.0392646
875.532 0.899128 0.0389869
875.821 0.884274 0.0401144
876.111 0.94156 0.0401892
876.4 0.856149 0.0375663
876.689 0.825075 0.0369996
876.978 0.877813 0.0390978
877.268 0.834709 0.0380441
877.557 0.892866 0.0393066
877.846 0.901127 0.0397138
878.134 0.905463 0.040838
878.423 0.90563 0.0408455
878.712 0.905796 0.0408531
