178.41 0.41331 0.100125
178.791 0.415927 0.100759
179.172 0.418526 0.101388
179.553 0.765126 0.765126
179.934 0.396662 0.396662
180.316 0.338002 0.338002
180.697 1.15199 1.15199
181.078 1.61641 1.61641
181.459 0.445209 0.445209
181.84 0.751739 0.751739
182.221 -0.0444345 -0.0641357
182.602 -0.997292 -0.997292
182.983 0.96463 0.125266
183.364 3.3062 0.59622
183.744 0.494702 0.0751622
184.125 0.544171 0.0666204
184.506 0.762878 0.0698683
184.887 1.26289 0.1037
185.268 0.860619 0.075299
185.648 0.558542 0.043962
186.029 0.567479 0.0426773
186.41 0.665845 0.0435481
186.791 0.563933 0.0372943
187.171 0.625833 0.0361783
187.552 0.627905 0.0306062
187.932 0.598713 0.0273132
188.313 0.630959 0.0283684
188.694 0.565354 0.025132
189.074 0.576106 0.0254397
189.455 0.543531 0.0240545
189.835 0.605596 0.025238
190.216 0.589123 0.0241278
190.596 0.570079 0.0233702
190.977 0.565712 0.0227096
191.357 0.577141 0.0232537
191.737 0.618898 0.0237735
192.118 0.627885 0.0243228
192.498 0.625219 0.0233809
192.878 0.574659 0.0218207
193.258 0.585646 0.0222834
193.639 0.621656 0.0229856
194.019 0.604573 0.0222852
194.399 0.61844 0.0224539
194.779 0.650384 0.0229643
195.159 0.58256 0.0211197
195.54 0.599591 0.0212157
195.92 0.588903 0.0207206
196.3 0.579206 0.0206114
196.68 0.634186 0.0219709
197.06 0.597482 0.020942
197.44 0.587905 0.0204578
197.82 0.609931 0.0207003
198.2 0.590376 0.0202282
198.58 0.550253 0.0188911
198.959 0.559589 0.0190102
199.339 0.588908 0.0193028
199.719 0.622553 0.0204178
200.099 0.567243 0.0187235
200.479 0.588004 0.0189543
200.858 0.572216 0.0184887
201.238 0.613445 0.0193757
201.618 0.60165 0.0188606
201.998 0.568928 0.0180766
202.377 0.555916 0.0177035
202.757 0.550935 0.0173236
203.136 0.55034 0.017496
203.516 0.573485 0.0176065
203.896 0.53598 0.0164945
204.275 0.561537 0.0170686
204.655 0.553824 0.0166237
205.034 0.541548 0.016355
205.414 0.537861 0.0158578
205.793 0.543188 0.015819
206.172 0.524228 0.015318
206.552 0.538279 0.0155908
206.931 0.527289 0.0151692
207.31 0.526735 0.01497
207.69 0.516289 0.0144743
208.069 0.516194 0.0145749
208.448 0.506808 0.0141679
208.827 0.529507 0.0143652
209.207 0.490987 0.0135399
209.586 0.485704 0.0132758
209.965 0.510658 0.0136471
210.344 0.498378 0.0131928
210.723 0.499526 0.0129933
211.102 0.495723 0.0127363
211.481 0.502005 0.012764
211.86 0.497905 0.012612
212.239 0.470968 0.0120118
212.618 0.480437 0.012007
212.997 0.49259 0.0121465
213.376 0.476848 0.0116385
213.755 0.463261 0.0113012
214.134 0.471834 0.0113531
214.513 0.471475 0.0112576
214.891 0.457073 0.0108229
215.27 0.469386 0.0108889
215.649 0.459929 0.0105485
216.028 0.466767 0.0105491
216.406 0.469151 0.0104111
216.785 0.469219 0.0103365
217.164 0.44965 0.00991615
217.542 0.458332 0.00984538
217.921 0.469514 0.00984553
218.3 0.476325 0.00991976
218.678 0.468698 0.00963234
219.057 0.462738 0.00947121
219.435 0.474737 0.009437
219.814 0.467075 0.0092335
220.192 0.460598 0.00902411
220.57 0.464868 0.00893373
220.949 0.468588 0.00890883
221.327 0.480691 0.00882134
221.705 0.467602 0.00861544
222.084 0.488294 0.00865622
222.462 0.496693 0.00867919
222.84 0.493898 0.00852226
223.218 0.493661 0.00840152
223.597 0.493582 0.00823665
223.975 0.495483 0.00810955
224.353 0.511191 0.00811169
224.731 0.496813 0.00786478
225.109 0.51228 0.00793137
225.487 0.521037 0.0078989
225.865 0.519753 0.00776434
226.243 0.523651 0.0076875
226.621 0.532113 0.00762887
226.999 0.541967 0.00757336
227.377 0.540549 0.00746903
227.755 0.544979 0.00736656
228.133 0.558377 0.00736482
228.511 0.565455 0.00738786
228.889 0.566848 0.0072572
229.266 0.581783 0.00730119
229.644 0.580105 0.00713893
230.022 0.586773 0.00710227
230.4 0.596314 0.00708339
230.777 0.605582 0.00706796
231.155 0.61399 0.0070342
231.533 0.606611 0.00687045
231.91 0.613177 0.0068186
232.288 0.632389 0.00688837
232.665 0.633903 0.00681406
233.043 0.640029 0.00676836
233.42 0.648248 0.0067757
233.798 0.651653 0.00670167
234.175 0.659104 0.0066755
234.553 0.666417 0.00667734
234.93 0.674264 0.00662913
235.307 0.680936 0.00661931
235.685 0.682152 0.00653579
236.062 0.6969 0.0065607
236.439 0.697268 0.0065136
236.816 0.699083 0.00644086
237.194 0.703889 0.00640101
237.571 0.700287 0.00634802
237.948 0.717469 0.00639074
238.325 0.72194 0.00636002
238.702 0.722023 0.00630449
239.079 0.728579 0.00627826
239.456 0.73139 0.00624367
239.833 0.73914 0.00622654
240.21 0.739809 0.00619485
240.587 0.744208 0.00616454
240.964 0.747576 0.00614037
241.341 0.757374 0.00613942
241.718 0.752059 0.00606393
242.095 0.754864 0.00605029
242.472 0.753589 0.00599087
242.849 0.770708 0.00605006
243.225 0.76638 0.00595476
243.602 0.773641 0.00598378
243.979 0.781442 0.00600171
244.356 0.775993 0.00592085
244.732 0.780983 0.00588341
245.109 0.787533 0.00589635
245.486 0.781624 0.00582597
245.862 0.793331 0.00586314
246.239 0.791953 0.00582067
246.615 0.797121 0.00580223
246.992 0.79654 0.00576835
247.368 0.798251 0.00574875
247.745 0.800862 0.00572878
248.121 0.798023 0.00566113
248.497 0.799646 0.00568243
248.874 0.811705 0.00569497
249.25 0.804385 0.00561185
249.626 0.806655 0.00560002
250.003 0.805206 0.00556969
250.379 0.814748 0.00556715
250.755 0.809932 0.00552752
251.131 0.811313 0.00550145
251.507 0.816191 0.00553065
251.884 0.814967 0.00546826
252.26 0.814878 0.00546676
252.636 0.820299 0.00544173
253.012 0.813182 0.00539842
253.388 0.821443 0.00540204
253.764 0.822583 0.00538876
254.14 0.82016 0.00537006
254.516 0.821998 0.00535953
254.892 0.822869 0.00535734
255.268 0.821833 0.0053305
255.643 0.828511 0.00533708
256.019 0.818754 0.00527338
256.395 0.824245 0.00529528
256.771 0.824683 0.00526719
257.147 0.824755 0.00525562
257.522 0.83294 0.00528707
257.898 0.831766 0.00525664
258.274 0.828506 0.00524267
258.649 0.829431 0.00523256
259.025 0.83246 0.00521733
259.4 0.824235 0.00518018
259.776 0.830169 0.00519726
260.151 0.83819 0.0052281
260.527 0.835417 0.00521076
260.902 0.834333 0.00517869
261.278 0.832367 0.00516283
261.653 0.827816 0.00515136
262.028 0.836047 0.0051774
262.404 0.839317 0.00518289
262.779 0.837023 0.0051558
263.154 0.834456 0.00513411
263.53 0.833898 0.00511261
263.905 0.831588 0.00511966
264.28 0.842345 0.0051575
264.655 0.832975 0.00511508
265.03 0.837978 0.00515038
265.405 0.842052 0.00514417
265.781 0.833423 0.00509987
266.156 0.843228 0.00515183
266.531 0.832051 0.00508718
266.906 0.840246 0.00511661
267.281 0.835352 0.00507863
267.655 0.839449 0.00512916
268.03 0.837356 0.00510464
268.405 0.836596 0.00511178
268.78 0.850242 0.00515956
269.155 0.841804 0.00510896
269.53 0.836655 0.00509595
269.904 0.838973 0.0051012
270.279 0.84478 0.00513772
270.654 0.834867 0.00508242
271.029 0.840469 0.00511383
271.403 0.843222 0.00512174
271.778 0.838242 0.0051012
272.152 0.844043 0.00512626
272.527 0.834847 0.00509353
272.901 0.841274 0.00510362
273.276 0.840489 0.00509178
273.65 0.838301 0.00507249
274.025 0.846907 0.00513145
274.399 0.846631 0.00513422
274.774 0.8474 0.0051156
275.148 0.840659 0.0050858
275.522 0.832015 0.00504617
275.897 0.840699 0.00509401
276.271 0.837483 0.00508693
276.645 0.841801 0.00508481
277.019 0.846607 0.00510278
277.393 0.842537 0.00507608
277.768 0.84648 0.00510772
278.142 0.836377 0.00505671
278.516 0.84285 0.00511531
278.89 0.842605 0.00509044
279.264 0.845678 0.00511584
279.638 0.839872 0.00507479
280.012 0.841827 0.00507461
280.386 0.841513 0.00510516
280.76 0.83656 0.00507108
281.133 0.839092 0.00508395
281.507 0.838774 0.00507544
281.881 0.842598 0.00508134
282.255 0.84319 0.00509452
282.629 0.844274 0.00510886
283.002 0.842784 0.00510219
283.376 0.841033 0.00509397
283.75 0.844441 0.00511807
284.123 0.84367 0.00510695
284.497 0.843039 0.00511285
284.87 0.847686 0.00512983
285.244 0.837837 0.00508328
285.618 0.839632 0.00509951
285.991 0.837856 0.0051168
286.364 0.847761 0.00515534
286.738 0.842048 0.00512772
287.111 0.838968 0.0050983
287.485 0.844017 0.00514023
287.858 0.843861 0.00515097
288.231 0.841255 0.00515305
288.605 0.850819 0.00519174
288.978 0.843409 0.00514944
289.351 0.840655 0.0051643
289.724 0.845164 0.00519806
290.097 0.840719 0.00517582
290.47 0.847356 0.00521169
290.843 0.843339 0.00519471
291.217 0.848846 0.00522868
291.59 0.851525 0.00526884
291.963 0.844538 0.00523491
292.336 0.847505 0.00525812
292.708 0.84154 0.00523611
293.081 0.841942 0.00524725
293.454 0.849624 0.0052789
293.827 0.847614 0.00528957
294.2 0.846044 0.00530979
294.573 0.841642 0.00528017
294.945 0.847753 0.00533343
295.318 0.844744 0.00529836
295.691 0.849424 0.00534181
296.064 0.840746 0.00531976
296.436 0.84045 0.00532527
296.809 0.844943 0.00534175
297.181 0.842128 0.00534893
297.554 0.848303 0.00538309
297.926 0.840887 0.00535912
298.299 0.842821 0.00536877
298.671 0.845221 0.00535518
299.044 0.847771 0.00539188
299.416 0.844731 0.0053727
299.788 0.842428 0.00537269
300.161 0.839316 0.00536889
300.533 0.844371 0.00538815
300.905 0.832946 0.00532568
301.278 0.845431 0.0053739
301.65 0.842127 0.00536109
302.022 0.843135 0.00538758
302.394 0.841472 0.00539227
302.766 0.845921 0.00539454
303.138 0.843312 0.00540733
303.51 0.840615 0.00536166
303.882 0.848533 0.00541184
304.254 0.836264 0.00535744
304.626 0.842476 0.00537171
304.998 0.844752 0.00537438
305.37 0.840073 0.00539113
305.742 0.837343 0.00536321
306.114 0.841145 0.00538123
306.485 0.839561 0.00536534
306.857 0.8431 0.0053729
307.229 0.833129 0.00535236
307.601 0.842941 0.00539592
307.972 0.839055 0.00537781
308.344 0.840216 0.00538443
308.716 0.844589 0.00542818
309.087 0.83626 0.00537552
309.459 0.838898 0.00539735
309.83 0.840672 0.00539945
310.202 0.827275 0.0053428
310.573 0.836042 0.00537107
310.945 0.839309 0.00540466
311.316 0.833688 0.00539422
311.687 0.832267 0.00536659
312.059 0.834673 0.00538606
312.43 0.838606 0.00540531
312.801 0.826164 0.00535043
313.172 0.840503 0.00541919
313.544 0.831547 0.00538923
313.915 0.837507 0.00540214
314.286 0.834989 0.00539571
314.657 0.827759 0.0053623
315.028 0.83157 0.00538677
315.399 0.833485 0.00539573
315.77 0.835207 0.00540033
316.141 0.831272 0.00539078
316.512 0.830826 0.00539212
316.883 0.836228 0.0054364
317.254 0.836769 0.00543344
317.625 0.830942 0.00542498
317.996 0.830732 0.00541191
318.366 0.832818 0.00542878
318.737 0.828007 0.00540803
319.108 0.830823 0.00542483
319.478 0.83013 0.00544118
319.849 0.825388 0.00540873
320.22 0.831513 0.00544474
320.59 0.832628 0.0054458
320.961 0.831409 0.00545618
321.331 0.826278 0.0054267
321.702 0.834095 0.00549921
322.072 0.825655 0.00546388
322.443 0.828488 0.00547998
322.813 0.829472 0.00547042
323.184 0.829834 0.0054971
323.554 0.822774 0.00547396
323.924 0.824652 0.00546842
324.295 0.827019 0.00550537
324.665 0.822273 0.00549582
325.035 0.822156 0.00548148
325.405 0.819338 0.00549007
325.775 0.828647 0.00555538
326.145 0.828059 0.00554967
326.515 0.828658 0.00558661
326.886 0.824134 0.00557155
327.256 0.819788 0.00555785
327.626 0.822885 0.00561163
327.995 0.818666 0.00561761
328.365 0.804397 0.00557505
328.735 0.796043 0.00556914
329.105 0.789776 0.00559232
329.475 0.797287 0.00566996
329.845 0.813111 0.00574531
330.215 0.841224 0.00583056
330.584 0.85678 0.00581889
330.954 0.872553 0.0057974
331.324 0.863075 0.00563371
331.693 0.850409 0.00550478
332.063 0.840325 0.00543906
332.432 0.821765 0.00534381
332.802 0.798137 0.00526556
333.171 0.79393 0.00530069
333.541 0.794156 0.00539443
333.91 0.799446 0.0054534
334.28 0.810728 0.00553321
334.649 0.811071 0.00554832
335.018 0.815844 0.00557854
335.388 0.818537 0.00560107
335.757 0.813824 0.00558109
336.126 0.809682 0.00558831
336.495 0.813673 0.00560518
336.865 0.813123 0.0056118
337.234 0.812941 0.00564862
337.603 0.813447 0.00563445
337.972 0.818099 0.0056682
338.341 0.812099 0.00563115
338.71 0.817757 0.0056647
339.079 0.810461 0.00564668
339.448 0.808094 0.0056174
339.817 0.808281 0.00562934
340.186 0.80768 0.00563788
340.554 0.808766 0.00565787
340.923 0.812099 0.00565897
341.292 0.813604 0.0056948
341.661 0.804692 0.00564802
342.029 0.810282 0.0056614
342.398 0.811473 0.00569059
342.767 0.814067 0.00572055
343.135 0.804879 0.00565379
343.504 0.808357 0.00570507
343.872 0.806367 0.00566582
344.241 0.805542 0.00566525
344.609 0.80292 0.00567414
344.978 0.81097 0.0057092
345.346 0.805098 0.00567242
345.715 0.800705 0.00567889
346.083 0.799764 0.00567391
346.451 0.812514 0.00573814
346.82 0.807923 0.00571681
347.188 0.799383 0.00568063
347.556 0.804882 0.00571879
347.924 0.79298 0.00564785
348.292 0.808781 0.00577874
348.66 0.806613 0.00575587
349.028 0.797241 0.0057059
349.396 0.798381 0.00572004
349.764 0.798855 0.00571781
350.132 0.805846 0.00577418
350.5 0.795177 0.00571401
350.868 0.806277 0.00579326
351.236 0.80115 0.00576199
351.604 0.799183 0.00577408
351.972 0.804236 0.00580075
352.34 0.796709 0.0057724
352.707 0.795594 0.00577045
353.075 0.794159 0.00575214
353.443 0.79891 0.00578895
353.81 0.78956 0.00577821
354.178 0.797947 0.00580992
354.545 0.791185 0.00576354
354.913 0.795505 0.00579865
355.28 0.788749 0.00576376
355.648 0.795011 0.00579923
356.015 0.795299 0.00581982
356.383 0.799627 0.00582557
356.75 0.788512 0.00580497
357.117 0.794245 0.00582388
357.485 0.797126 0.00585518
357.852 0.79654 0.00584777
358.219 0.792219 0.00583835
358.586 0.796139 0.00584738
358.954 0.791853 0.00584105
359.321 0.792877 0.005849
359.688 0.794056 0.00587245
360.055 0.79225 0.00585507
360.422 0.780128 0.00580345
360.789 0.792061 0.00587508
361.156 0.78883 0.00586163
361.523 0.785922 0.00587357
361.89 0.791713 0.00589567
362.256 0.782799 0.00582483
362.623 0.792608 0.00590897
362.99 0.797027 0.00594918
363.357 0.791876 0.00592264
363.724 0.783592 0.00588323
364.09 0.790637 0.00591901
364.457 0.792693 0.00595339
364.823 0.789458 0.00590121
365.19 0.78182 0.00586813
365.557 0.791721 0.00592951
365.923 0.79094 0.00592736
366.29 0.783835 0.00590804
366.656 0.792832 0.00594929
367.022 0.779233 0.00586759
367.389 0.789446 0.00594467
367.755 0.781918 0.00590479
368.121 0.781879 0.00593789
368.488 0.78537 0.00594301
368.854 0.783427 0.00593798
369.22 0.797875 0.00603713
369.586 0.784899 0.00600213
369.952 0.778 0.00598506
370.318 0.779895 0.0060111
370.684 0.785999 0.0060528
371.051 0.780431 0.00602036
371.416 0.784662 0.00606803
371.782 0.782066 0.00603857
372.148 0.776221 0.00602816
372.514 0.774739 0.00604763
372.88 0.77869 0.00605575
373.246 0.779956 0.00607927
373.612 0.781573 0.00607299
373.977 0.776305 0.00603052
374.343 0.77792 0.00603253
374.709 0.779511 0.00601912
375.074 0.7737 0.00601902
375.44 0.774262 0.00603562
375.806 0.773886 0.00606417
376.171 0.780693 0.00608548
376.537 0.769563 0.00602115
376.902 0.774121 0.00606565
377.268 0.7801 0.00606499
377.633 0.780642 0.00605409
377.998 0.763422 0.00594431
378.364 0.772963 0.00595995
378.729 0.77322 0.0059502
379.094 0.782552 0.00600664
379.459 0.778955 0.00606581
379.825 0.771016 0.00603481
380.19 0.76703 0.0060222
380.555 0.78223 0.00613592
380.92 0.770686 0.00613729
381.285 0.778676 0.00619633
381.65 0.773127 0.0061382
382.015 0.770774 0.00610446
382.38 0.771779 0.00613663
382.745 0.774038 0.00619508
383.11 0.767396 0.00615733
383.474 0.765035 0.0061502
383.839 0.763375 0.00614238
384.204 0.773485 0.00621165
384.569 0.766055 0.00617838
384.933 0.767733 0.00619753
385.298 0.772179 0.00625822
385.663 0.776092 0.00628725
386.027 0.764848 0.00620143
386.392 0.766951 0.00618961
386.756 0.761664 0.00612861
387.121 0.766027 0.00615274
387.485 0.75945 0.00607649
387.849 0.759358 0.00603739
388.214 0.775364 0.00618644
388.578 0.768312 0.00615789
388.942 0.769592 0.00623551
389.307 0.761434 0.00617284
389.671 0.754428 0.00617975
390.035 0.755655 0.00615109
390.399 0.762238 0.00617987
390.763 0.751902 0.00610626
391.127 0.750774 0.00605562
391.492 0.750844 0.00599212
391.856 0.757834 0.00596762
392.219 0.7567 0.00588394
392.583 0.768588 0.00597138
392.947 0.776975 0.00609386
393.311 0.766991 0.00613225
393.675 0.758702 0.00612601
394.039 0.755822 0.00613025
394.403 0.759705 0.00616902
394.766 0.771997 0.00625909
395.13 0.756629 0.00620109
395.494 0.750635 0.00616798
395.857 0.754458 0.00617989
396.221 0.7548 0.00615123
396.584 0.749714 0.00609139
396.948 0.745669 0.00601095
397.311 0.741872 0.00590439
397.675 0.750731 0.00590398
398.038 0.754854 0.00590204
398.401 0.759838 0.0060019
398.765 0.764978 0.00611227
399.128 0.770933 0.00622669
399.491 0.758035 0.00621594
399.854 0.747639 0.00619741
400.218 0.751033 0.00619895
400.581 0.759884 0.00630064
400.944 0.756804 0.00627952
401.307 0.759902 0.00639815
401.67 0.754958 0.00636058
402.033 0.751652 0.00635169
402.396 0.751239 0.00635512
402.759 0.74907 0.00634346
403.122 0.745804 0.00632318
403.485 0.750119 0.0063315
403.847 0.747274 0.00628127
404.21 0.747251 0.00625137
404.573 0.750101 0.00623784
404.936 0.739683 0.00613852
405.298 0.75751 0.00629176
405.661 0.755152 0.00637489
406.023 0.76061 0.00647156
406.386 0.743697 0.00641427
406.749 0.743487 0.0064704
407.111 0.754751 0.00655152
407.473 0.737059 0.00638457
407.836 0.743896 0.00636065
408.198 0.755162 0.00639369
408.561 0.751419 0.0063794
408.923 0.74403 0.00632534
409.285 0.741682 0.00630674
409.647 0.754367 0.00645408
410.009 0.760847 0.00654137
410.372 0.746764 0.00647987
410.734 0.746178 0.00650992
411.096 0.748878 0.00651769
411.458 0.747134 0.00651266
411.82 0.740567 0.00643972
412.182 0.730702 0.00633249
412.544 0.743534 0.00641322
412.906 0.752401 0.00645051
413.267 0.743907 0.00640094
413.629 0.749283 0.00649022
413.991 0.749322 0.0065254
414.353 0.751101 0.00654201
414.714 0.757392 0.00665485
415.076 0.738619 0.00655082
415.438 0.740075 0.00655066
415.799 0.741382 0.00651873
416.161 0.742765 0.00658771
416.522 0.741253 0.00662205
416.884 0.745756 0.00664416
417.245 0.74568 0.00665572
417.607 0.742023 0.00662854
417.968 0.743242 0.00665885
418.329 0.740795 0.00659995
418.691 0.735154 0.00658107
419.052 0.739821 0.0065918
419.413 0.735238 0.006557
419.774 0.728818 0.00648483
420.135 0.728889 0.00636042
420.497 0.725467 0.00624355
420.858 0.735803 0.00620052
421.219 0.746392 0.00622864
421.58 0.751336 0.00630053
421.941 0.747533 0.00636145
422.302 0.740387 0.00646162
422.662 0.746805 0.00652387
423.023 0.736537 0.00651382
423.384 0.734212 0.00652932
423.745 0.730084 0.00648874
424.106 0.736908 0.00651954
424.466 0.731764 0.00644343
424.827 0.738362 0.0065247
425.187 0.751733 0.0067115
425.548 0.747435 0.00677513
425.909 0.731381 0.00672359
426.269 0.724274 0.00664634
426.63 0.731629 0.00665508
426.99 0.729901 0.00656888
427.35 0.734254 0.00661644
427.711 0.728033 0.00658401
428.071 0.724007 0.0065043
428.431 0.713122 0.00635163
428.792 0.706892 0.00612453
429.152 0.718285 0.00599107
429.512 0.727764 0.00599449
429.872 0.740059 0.00605871
430.232 0.740152 0.00612049
430.592 0.75104 0.00634594
430.952 0.755757 0.00655555
431.312 0.741317 0.00663624
431.672 0.730559 0.00672235
432.032 0.727543 0.0067149
432.392 0.730609 0.00667965
432.752 0.691912 0.00620739
433.111 0.716317 0.00612921
433.471 0.744631 0.00628238
433.831 0.765594 0.00662726
434.19 0.736782 0.0065251
434.55 0.733062 0.00649716
434.91 0.73697 0.00660212
435.269 0.72599 0.00649589
435.629 0.725427 0.00646227
435.988 0.729397 0.00645716
436.348 0.730843 0.00650273
436.707 0.737911 0.00665279
437.066 0.727473 0.00661341
437.426 0.719028 0.00654114
437.785 0.721464 0.00651038
438.144 0.731997 0.00654607
438.503 0.73082 0.00660281
438.862 0.736332 0.00665029
439.222 0.734486 0.0066741
439.581 0.726932 0.00670046
439.94 0.71849 0.00663763
440.299 0.698915 0.00631989
440.658 0.704537 0.00612922
441.017 0.717191 0.0061592
441.376 0.734907 0.00628839
441.734 0.734409 0.00637086
442.093 0.718478 0.00631955
442.452 0.713485 0.00625754
442.811 0.720961 0.00624043
443.169 0.723918 0.00627192
443.528 0.729014 0.00638708
443.887 0.727491 0.00640655
444.245 0.719775 0.00637411
444.604 0.723571 0.00647568
444.962 0.728478 0.00654167
445.321 0.716884 0.00647851
445.679 0.722449 0.00647622
446.038 0.717002 0.00642272
446.396 0.725509 0.00652403
446.754 0.722612 0.00660947
447.112 0.725627 0.0066421
447.471 0.727068 0.00671066
447.829 0.718565 0.00669982
448.187 0.721092 0.00668728
448.545 0.719067 0.00666806
448.903 0.724332 0.00670595
449.261 0.724906 0.00672733
449.619 0.723355 0.00677152
449.977 0.726368 0.00680048
450.335 0.721533 0.00684983
450.693 0.717472 0.00686236
451.051 0.722031 0.00690581
451.409 0.716523 0.00685695
451.766 0.727817 0.00696309
452.124 0.735162 0.00707647
452.482 0.722732 0.00706846
452.839 0.71758 0.00708901
453.197 0.725126 0.00721245
453.555 0.723656 0.00721702
453.912 0.72814 0.00728085
454.27 0.702448 0.00699468
454.627 0.706751 0.00696039
454.984 0.716426 0.00697136
455.342 0.733356 0.00715511
455.699 0.7232 0.00716653
456.056 0.720207 0.00716498
456.414 0.710814 0.00702533
456.771 0.715575 0.00697621
457.128 0.717984 0.00694113
457.485 0.713922 0.00684834
457.842 0.719642 0.00691682
458.199 0.714789 0.0069068
458.556 0.7119 0.00682831
458.913 0.716145 0.00686966
459.27 0.711088 0.00678869
459.627 0.714369 0.00686856
459.984 0.71102 0.00682514
460.341 0.716156 0.00686673
460.697 0.728068 0.00699534
461.054 0.740268 0.00722413
461.411 0.731432 0.00733745
461.767 0.710899 0.00732271
462.124 0.711634 0.0073708
462.481 0.700145 0.00719744
462.837 0.702197 0.00711007
463.194 0.703501 0.00695809
463.55 0.711955 0.00703713
463.907 0.693308 0.00677952
464.263 0.708467 0.00675647
464.619 0.69896 0.00660883
464.976 0.707433 0.00652746
465.332 0.718348 0.0065576
465.688 0.729097 0.0067262
466.044 0.734863 0.00702544
466.4 0.727592 0.00715079
466.756 0.718193 0.00716528
467.112 0.716094 0.00713093
467.468 0.719509 0.00718115
467.824 0.711216 0.0071286
468.18 0.715456 0.00727152
468.536 0.718878 0.00732534
468.892 0.718765 0.0073983
469.248 0.709713 0.00738542
469.604 0.70856 0.00744284
469.959 0.71876 0.00752925
470.315 0.710038 0.00744548
470.671 0.70832 0.00744562
471.026 0.701042 0.00734968
471.382 0.699881 0.00728513
471.737 0.705249 0.00724029
472.093 0.703368 0.00713338
472.448 0.699348 0.00700874
472.804 0.696853 0.00687723
473.159 0.704107 0.00688345
473.514 0.711466 0.0069261
473.87 0.699313 0.00679876
474.225 0.680543 0.00652495
474.58 0.693286 0.00644091
474.935 0.713023 0.00653878
475.29 0.720586 0.00665872
475.645 0.714606 0.00667453
476 0.711671 0.006662
476.355 0.714153 0.00673798
476.71 0.708055 0.00672773
477.065 0.685996 0.00649111
477.42 0.682925 0.00633002
477.775 0.710983 0.00646971
478.13 0.702541 0.00643651
478.485 0.706607 0.00645041
478.839 0.698317 0.00637447
479.194 0.69193 0.00618665
479.549 0.686119 0.00603001
479.903 0.712593 0.00615484
480.258 0.721671 0.00628879
480.612 0.692722 0.00605954
480.967 0.687043 0.00591495
481.321 0.706301 0.0059624
481.675 0.714791 0.00610576
482.03 0.718758 0.00624866
482.384 0.699464 0.00619253
482.738 0.695545 0.00614164
483.093 0.703428 0.00615249
483.447 0.68057 0.00590169
483.801 0.678589 0.0057429
484.155 0.698036 0.00573665
484.509 0.618818 0.00501807
484.863 0.488693 0.00299429
485.217 0.637608 0.00299841
485.571 0.738113 0.00319144
485.925 0.937071 0.00438074
486.279 0.831716 0.00491786
486.632 0.723811 0.0050105
486.986 0.72238 0.00543387
487.34 0.73314 0.00587956
487.694 0.714018 0.00600873
488.047 0.695183 0.00599909
488.401 0.695841 0.00599493
488.754 0.706958 0.00608042
489.108 0.703387 0.00614871
489.461 0.707447 0.00622955
489.815 0.698258 0.0062614
490.168 0.691972 0.00615957
490.522 0.699278 0.00617134
490.875 0.700946 0.00618679
491.228 0.702157 0.00622288
491.581 0.69233 0.00614088
491.935 0.701575 0.00619829
492.288 0.700034 0.00621143
492.641 0.704446 0.00619553
492.994 0.691657 0.0061216
493.347 0.69 0.00607699
493.7 0.693935 0.00606225
494.053 0.695116 0.00608727
494.406 0.717125 0.00626459
494.759 0.71679 0.00640905
495.111 0.677915 0.00608503
495.464 0.662742 0.00576048
495.817 0.675872 0.00565018
496.169 0.720233 0.00599226
496.522 0.732072 0.00627715
496.875 0.722239 0.00646963
497.227 0.686671 0.0063548
497.58 0.693884 0.00642852
497.932 0.692303 0.00636583
498.285 0.687544 0.00629938
498.637 0.681736 0.00612753
498.989 0.689141 0.0060719
499.342 0.692363 0.00608902
499.694 0.715763 0.00631558
500.046 0.706316 0.00638589
500.398 0.67259 0.00608311
500.751 0.682596 0.00602246
501.103 0.690173 0.00607129
501.455 0.696026 0.00608494
501.807 0.68736 0.0060574
502.159 0.694889 0.00609115
502.511 0.692648 0.00609117
502.862 0.693719 0.00610938
503.214 0.706313 0.00624333
503.566 0.706101 0.00635573
503.918 0.699534 0.0064095
504.27 0.689918 0.00634757
504.621 0.684499 0.00632744
504.973 0.697698 0.00645056
505.324 0.684496 0.00636732
505.676 0.675271 0.00621294
506.027 0.687905 0.00624187
506.379 0.720313 0.00658886
506.73 0.708215 0.00667638
507.082 0.6759 0.00646429
507.433 0.674278 0.0063619
507.784 0.691354 0.00639773
508.136 0.702912 0.00653362
508.487 0.706605 0.00657962
508.838 0.687947 0.00658303
509.189 0.686772 0.00658159
509.54 0.67818 0.00646569
509.891 0.698782 0.00663142
510.242 0.683116 0.00653498
510.593 0.697672 0.00664846
510.944 0.69361 0.0066773
511.295 0.696072 0.0067892
511.646 0.692684 0.00688995
511.996 0.692297 0.00685172
512.347 0.680401 0.00674192
512.698 0.697511 0.00681084
513.049 0.686019 0.00676761
513.399 0.696713 0.00691483
513.75 0.690158 0.00685064
514.1 0.691754 0.00692003
514.451 0.708015 0.00718051
514.801 0.693899 0.00716148
515.152 0.675798 0.00697715
515.502 0.676789 0.00685515
515.852 0.683268 0.00682675
516.202 0.690778 0.00686077
516.553 0.703248 0.00699981
516.903 0.702999 0.00710255
517.253 0.699409 0.0072026
517.603 0.688806 0.00719538
517.953 0.66965 0.0070162
518.303 0.669158 0.00689934
518.653 0.680091 0.00685053
519.003 0.703071 0.0070273
519.353 0.712728 0.00730424
519.703 0.711944 0.00751567
520.052 0.686153 0.00738986
520.402 0.68248 0.00735162
520.752 0.681486 0.00726593
521.102 0.697186 0.00737578
521.451 0.698272 0.0074948
521.801 0.687663 0.00741748
522.15 0.683032 0.00734458
522.5 0.68482 0.00726471
522.849 0.692672 0.00732571
523.199 0.676936 0.00714734
523.548 0.693944 0.00721851
523.897 0.694435 0.00720719
524.246 0.707657 0.00742344
524.596 0.704714 0.00752974
524.945 0.676002 0.00732372
525.294 0.681321 0.00734531
525.643 0.690428 0.0074018
525.992 0.685901 0.00736114
526.341 0.679052 0.00726713
526.69 0.69669 0.00743546
527.039 0.709972 0.00757254
527.388 0.685545 0.00748489
527.737 0.659734 0.00714791
528.086 0.669145 0.00697298
528.434 0.676771 0.00686708
528.783 0.705856 0.00710269
529.132 0.696138 0.00719998
529.48 0.698502 0.00733157
529.829 0.691544 0.00737274
530.177 0.698131 0.00745457
530.526 0.693699 0.00748033
530.874 0.67856 0.00732193
531.223 0.683751 0.00733414
531.571 0.686519 0.00734574
531.919 0.684731 0.00735581
532.268 0.664605 0.00705907
532.616 0.672859 0.00686537
532.964 0.684432 0.00679106
533.312 0.703752 0.00690408
533.66 0.688166 0.00682554
534.008 0.682308 0.00677306
534.356 0.678887 0.00674538
534.704 0.687638 0.00685642
535.052 0.695423 0.00695797
535.4 0.6933 0.00709386
535.748 0.702398 0.00733243
536.095 0.701066 0.0075125
536.443 0.677305 0.00741833
536.791 0.665791 0.00723622
537.139 0.664904 0.0070518
537.486 0.677615 0.00697417
537.834 0.686537 0.00694585
538.181 0.678639 0.00687877
538.529 0.685939 0.006917
538.876 0.6867 0.00693443
539.223 0.69393 0.00704528
539.571 0.697111 0.00721124
539.918 0.674541 0.00708913
540.265 0.666788 0.00692736
540.613 0.678189 0.00688474
540.96 0.698917 0.00703688
541.307 0.68259 0.00697772
541.654 0.686516 0.0070415
542.001 0.678705 0.00695219
542.348 0.684464 0.00699463
542.695 0.677119 0.00696528
543.042 0.66886 0.00682293
543.388 0.672653 0.00676928
543.735 0.674601 0.00674912
544.082 0.678357 0.00676836
544.429 0.684086 0.00680373
544.775 0.694996 0.00699867
545.122 0.705409 0.00725608
545.469 0.68952 0.00731988
545.815 0.675731 0.00723759
546.162 0.673376 0.00717231
546.508 0.662324 0.0069643
546.854 0.667033 0.00680138
547.201 0.655262 0.00644136
547.547 0.681912 0.00650353
547.893 0.693027 0.00665726
548.24 0.707094 0.00701998
548.586 0.713004 0.00743793
548.932 0.671109 0.00732049
549.278 0.680587 0.00745451
549.624 0.670969 0.00730345
549.97 0.694004 0.00750874
550.316 0.690727 0.0076569
550.662 0.68126 0.00765785
551.008 0.651854 0.00724381
551.353 0.652823 0.00684145
551.699 0.669984 0.00667091
552.045 0.706877 0.00699637
552.391 0.694007 0.00711583
552.736 0.682354 0.00709519
553.082 0.67698 0.00709481
553.427 0.686912 0.00722634
553.773 0.702243 0.00755907
554.118 0.674063 0.00748485
554.464 0.652363 0.00716657
554.809 0.655321 0.00692688
555.154 0.675462 0.00686558
555.5 0.688025 0.00697648
555.845 0.711372 0.00729546
556.19 0.681158 0.0073033
556.535 0.675954 0.00748026
556.88 0.657474 0.00731941
557.225 0.675681 0.00736946
557.57 0.683573 0.00749772
557.915 0.705753 0.00784906
558.26 0.678059 0.00777593
558.605 0.668936 0.00774967
558.95 0.669157 0.00762588
559.295 0.646098 0.00712748
559.639 0.650926 0.00685461
559.984 0.665627 0.0066906
560.329 0.680042 0.0066861
560.673 0.68033 0.00670401
561.018 0.700112 0.00696612
561.362 0.69465 0.00710024
561.707 0.676956 0.00719382
562.051 0.662286 0.00705585
562.395 0.665118 0.00704385
562.74 0.663919 0.00687829
563.084 0.666747 0.00678528
563.428 0.664471 0.00662122
563.772 0.682665 0.00673938
564.117 0.676517 0.00666214
564.461 0.679414 0.0066448
564.805 0.675754 0.00669788
565.149 0.665332 0.00662073
565.493 0.675149 0.00664965
565.836 0.661447 0.00648826
566.18 0.667246 0.00644128
566.524 0.631506 0.00588757
566.868 0.672299 0.00586661
567.212 0.673671 0.00576157
567.555 0.662632 0.00564447
567.899 0.645901 0.00535252
568.242 0.650631 0.00514373
568.586 0.636263 0.0047899
568.929 0.642333 0.00450256
569.273 0.649989 0.00426388
569.616 0.678315 0.00430138
569.96 0.66406 0.00420121
570.303 0.655414 0.00404852
570.646 0.663589 0.00401161
570.989 0.653998 0.0038735
571.333 0.680456 0.00394834
571.676 0.689982 0.0040911
572.019 0.705047 0.00448139
572.362 0.614053 0.00406192
572.705 0.626045 0.00380609
573.048 0.652458 0.003671
573.391 0.658345 0.00356829
573.733 0.665099 0.00350666
574.076 0.662747 0.00346178
574.419 0.68502 0.00357272
574.762 0.682893 0.00375561
575.104 0.690375 0.00402325
575.447 0.630896 0.00390736
575.789 0.625646 0.00368655
576.132 0.644994 0.00349435
576.474 0.668472 0.00353514
576.817 0.634496 0.00320697
577.159 0.659018 0.00308349
577.501 0.704889 0.00314915
577.844 0.719106 0.00335482
578.186 0.711114 0.00371908
578.528 0.642772 0.00375573
578.87 0.64397 0.00378
579.212 0.633643 0.00367388
579.554 0.65186 0.00357369
579.896 0.669245 0.00364797
580.238 0.637935 0.00343704
580.58 0.615771 0.00296343
580.922 0.714084 0.00306969
581.264 0.787859 0.00322429
581.606 0.740307 0.00314529
581.947 0.699476 0.00323333
582.289 0.699959 0.00355551
582.631 0.674405 0.00387935
582.972 0.64513 0.00408466
583.314 0.630032 0.00405387
583.655 0.640808 0.00400327
583.997 0.61661 0.00361934
584.338 0.643551 0.00340526
584.679 0.657831 0.00328516
585.021 0.699855 0.00341351
585.362 0.694257 0.00363876
585.703 0.686366 0.00388811
586.044 0.629032 0.00382477
586.385 0.620875 0.00361485
586.726 0.639461 0.00348858
587.067 0.698744 0.00371464
587.408 0.679146 0.00387685
587.749 0.666782 0.00402243
588.09 0.666577 0.00419866
588.431 0.670221 0.00442639
588.772 0.660849 0.00462599
589.113 0.63514 0.00448824
589.453 0.657784 0.00454611
589.794 0.67946 0.00471639
590.134 0.680029 0.00495432
590.475 0.655972 0.00502321
590.815 0.641474 0.00495712
591.156 0.660989 0.00502246
591.496 0.639101 0.00489217
591.837 0.588087 0.00407058
592.177 0.636607 0.00382712
592.517 0.669529 0.0036806
592.857 0.702559 0.00391452
593.198 0.689703 0.0041063
593.538 0.687998 0.00449767
593.878 0.640082 0.00456879
594.218 0.622572 0.00441649
594.558 0.639093 0.00428034
594.898 0.679692 0.00447369
595.237 0.693739 0.00475685
595.577 0.664185 0.00497021
595.917 0.656884 0.00522915
596.257 0.621969 0.00497569
596.596 0.637731 0.00490025
596.936 0.662725 0.00483953
597.276 0.680759 0.00508868
597.615 0.648707 0.00496656
597.955 0.592112 0.00426192
598.294 0.652641 0.00410621
598.633 0.682473 0.00415273
598.973 0.68354 0.00431438
599.312 0.643391 0.00420783
599.651 0.657749 0.00424625
599.991 0.668592 0.004394
600.33 0.660695 0.00441472
600.669 0.661582 0.0045502
601.008 0.667878 0.00470849
601.347 0.660145 0.0048781
601.686 0.632859 0.0046862
602.025 0.664765 0.00480205
602.364 0.625226 0.00446982
602.702 0.663274 0.0045175
603.041 0.667797 0.00451069
603.38 0.679583 0.00471808
603.719 0.669834 0.00491939
604.057 0.651608 0.00502556
604.396 0.639659 0.00498357
604.734 0.628265 0.00482125
605.073 0.63157 0.00441487
605.411 0.682334 0.00459112
605.75 0.67408 0.00465447
606.088 0.670482 0.00493314
606.426 0.631269 0.00473064
606.764 0.650609 0.00472174
607.103 0.672604 0.00486042
607.441 0.665307 0.00504878
607.779 0.655513 0.00515539
608.117 0.641281 0.00507415
608.455 0.679455 0.00537487
608.793 0.644018 0.00537601
609.131 0.613948 0.00496649
609.469 0.653015 0.0049347
609.806 0.67668 0.00500494
610.144 0.690005 0.00542359
610.482 0.638318 0.0053696
610.819 0.650881 0.00539046
611.157 0.657908 0.00543817
611.495 0.671807 0.00567302
611.832 0.653609 0.00566161
612.17 0.643192 0.00557609
612.507 0.653847 0.00554773
612.844 0.66289 0.00563034
613.182 0.660087 0.00564839
613.519 0.650159 0.00557387
613.856 0.652487 0.00554799
614.193 0.63727 0.00546417
614.53 0.648883 0.00538322
614.867 0.656095 0.00533899
615.205 0.684129 0.00573041
615.541 0.663953 0.00582211
615.878 0.647738 0.00602539
616.215 0.645181 0.00602063
616.552 0.657719 0.00610981
616.889 0.631324 0.00589718
617.226 0.657935 0.0059106
617.562 0.673088 0.00608409
617.899 0.675204 0.00646139
618.235 0.66676 0.00677965
618.572 0.645314 0.00696026
618.908 0.626172 0.00673016
619.245 0.643598 0.00652325
619.581 0.659131 0.00642625
619.918 0.716257 0.00706487
620.254 0.694519 0.00784959
620.59 0.615206 0.00772097
620.926 0.60955 0.00727353
621.262 0.641607 0.00705305
621.599 0.689148 0.00717561
621.935 0.653382 0.00701842
622.271 0.648045 0.00673431
622.606 0.654101 0.0065644
622.942 0.68053 0.00677746
623.278 0.668616 0.00697918
623.614 0.622425 0.00647636
623.95 0.663003 0.00657728
624.285 0.662563 0.00665121
624.621 0.683649 0.00711281
624.957 0.657455 0.00723361
625.292 0.655137 0.00738195
625.628 0.65718 0.00767977
625.963 0.644767 0.00770556
626.299 0.640721 0.0075448
626.634 0.65709 0.0075077
626.969 0.67863 0.00771818
627.304 0.69536 0.00832018
627.64 0.648624 0.00867558
627.975 0.623952 0.00854854
628.31 0.620309 0.00812444
628.645 0.658547 0.00804039
628.98 0.676572 0.00828782
629.315 0.663839 0.00831509
629.65 0.645543 0.00827982
629.985 0.648218 0.00830509
630.319 0.677072 0.00882821
630.654 0.648256 0.00879217
630.989 0.646867 0.00872682
631.323 0.665582 0.00902451
631.658 0.676174 0.00936023
631.993 0.672073 0.00976512
632.327 0.642402 0.00963252
632.662 0.654095 0.00969975
632.996 0.650315 0.00954148
633.33 0.668725 0.00958641
633.665 0.687607 0.00988932
633.999 0.668857 0.0100219
634.333 0.667085 0.0101394
634.667 0.660654 0.0100973
635.001 0.654706 0.009768
635.335 0.643265 0.0093871
635.669 0.648499 0.00904362
636.003 0.671579 0.00920751
636.337 0.676926 0.0096081
636.671 0.661683 0.00996521
637.005 0.652056 0.0103077
637.339 0.650139 0.0103271
637.672 0.645698 0.0100256
638.006 0.663344 0.00990044
638.339 0.678969 0.00999668
638.673 0.68221 0.0103687
639.006 0.653667 0.0103917
639.34 0.662229 0.0105685
639.673 0.659236 0.010648
640.007 0.658918 0.0106603
640.34 0.666588 0.0108237
640.673 0.668541 0.0110735
641.006 0.66112 0.0111282
641.34 0.664316 0.0112421
641.673 0.667463 0.0115415
642.006 0.676002 0.0118322
642.339 0.649082 0.0114604
642.672 0.666586 0.0115104
643.004 0.684342 0.0117126
643.337 0.670186 0.011839
643.67 0.64115 0.0116896
644.003 0.639177 0.0114731
644.336 0.667895 0.0117986
644.668 0.669057 0.0118424
645.001 0.682384 0.0121063
645.333 0.675817 0.0122272
645.666 0.66967 0.0125172
645.998 0.671413 0.012847
646.331 0.658998 0.0127333
646.663 0.644949 0.0125789
646.995 0.637969 0.0118938
647.327 0.642269 0.0111571
647.66 0.66324 0.010528
647.992 0.657238 0.0102068
648.324 0.659093 0.0101298
648.656 0.667392 0.0103222
648.988 0.684525 0.0107903
649.32 0.677493 0.011341
649.652 0.651069 0.0117816
649.983 0.635921 0.0119531
650.315 0.660709 0.0123628
650.647 0.640121 0.011966
650.979 0.638714 0.0114506
651.31 0.655664 0.0111728
651.642 0.648069 0.0107025
651.973 0.645425 0.0106438
652.305 0.667669 0.010818
652.636 0.65236 0.0107439
652.967 0.662413 0.0111286
653.299 0.642848 0.011157
653.63 0.637585 0.0111644
653.961 0.602882 0.0103366
654.292 0.539947 0.00817647
654.623 0.291633 0.00249309
654.955 0.90036 0.0034339
655.286 0.900305 0.00343369
655.616 0.900249 0.00343348
655.947 0.900192 0.00343326
656.278 0.900135 0.00343304
656.609 0.527465 0.0026279
656.94 0.409918 0.00291346
657.27 0.368073 0.00327118
657.601 0.393519 0.00387593
657.932 0.456334 0.00496412
658.262 0.522235 0.00648288
658.593 0.576852 0.00831675
658.923 0.625723 0.010355
659.254 0.634174 0.0116122
659.584 0.647226 0.0126021
659.914 0.650368 0.013217
660.244 0.655887 0.0137253
660.575 0.635686 0.0135961
660.905 0.661983 0.0138765
661.235 0.661129 0.0136849
661.565 0.662128 0.0135335
661.895 0.671815 0.0135971
662.225 0.674987 0.0138251
662.555 0.672862 0.0139245
662.884 0.669478 0.0138791
663.214 0.663276 0.0135523
663.544 0.670758 0.0134455
663.873 0.681303 0.0135314
664.203 0.653199 0.0128494
664.533 0.666655 0.0128786
664.862 0.68122 0.0128295
665.192 0.695458 0.0131933
665.521 0.69655 0.0137848
665.85 0.680026 0.014215
666.18 0.681293 0.0147561
666.509 0.641188 0.0142601
666.838 0.656286 0.0143649
667.167 0.688173 0.014466
667.496 0.696759 0.014634
667.825 0.670828 0.0142844
668.154 0.665465 0.0142711
668.483 0.67485 0.0143955
668.812 0.67594 0.0140955
669.141 0.67724 0.0139853
669.47 0.661008 0.0134841
669.798 0.687382 0.0138512
670.127 0.681911 0.0141218
670.456 0.62477 0.0129754
670.784 0.623734 0.0116821
671.113 0.652026 0.0108922
671.441 0.650657 0.0101498
671.77 0.704709 0.0106171
672.098 0.695181 0.0109252
672.426 0.703145 0.0120315
672.755 0.647964 0.0123734
673.083 0.619521 0.0124753
673.411 0.656867 0.0129506
673.739 0.669514 0.0131591
674.067 0.665302 0.0135329
674.395 0.664764 0.0138658
674.723 0.651526 0.013343
675.051 0.673459 0.0134166
675.379 0.680557 0.0135358
675.706 0.680772 0.0135209
676.034 0.669698 0.0136803
676.362 0.66578 0.013882
676.689 0.617566 0.0126932
677.017 0.641052 0.0119754
677.344 0.658848 0.0116179
677.672 0.690758 0.0119171
677.999 0.671816 0.0121093
678.327 0.644433 0.0116699
678.654 0.636912 0.01099
678.981 0.661511 0.0108874
679.308 0.670191 0.0109002
679.636 0.676522 0.0113569
679.963 0.676558 0.011915
680.29 0.654183 0.0120678
680.617 0.652901 0.0118424
680.944 0.648041 0.011569
681.271 0.673497 0.0118451
681.597 0.665063 0.0124562
681.924 0.667714 0.0133416
682.251 0.63269 0.0133275
682.578 0.610298 0.0125059
682.904 0.627975 0.0118825
683.231 0.652958 0.0115644
683.557 0.660376 0.0113115
683.884 0.655368 0.0110178
684.21 0.656706 0.0106839
684.536 0.646301 0.0102326
684.863 0.66801 0.0102767
685.189 0.677679 0.0103824
685.515 0.672434 0.0107941
685.841 0.653317 0.0110776
686.167 0.641468 0.0111422
686.493 0.634881 0.0108323
686.819 0.664505 0.0111423
687.145 0.661089 0.0114992
687.471 0.678149 0.0124738
687.797 0.660526 0.0129343
688.123 0.626952 0.0124887
688.448 0.639767 0.0124206
688.774 0.645338 0.0119855
689.1 0.670015 0.0123403
689.425 0.692208 0.0129884
689.751 0.648611 0.0128291
690.076 0.622013 0.0121315
690.402 0.625189 0.0113244
690.727 0.651684 0.011151
691.052 0.674618 0.011474
691.377 0.684407 0.0119813
691.703 0.666456 0.0120643
692.028 0.650274 0.0121071
692.353 0.63514 0.0116214
692.678 0.653313 0.01178
693.003 0.668428 0.012087
693.328 0.686343 0.0132835
693.652 0.662291 0.0138375
693.977 0.616147 0.0132252
694.302 0.619986 0.0126169
694.627 0.666448 0.0126018
694.951 0.706626 0.0133866
695.276 0.69463 0.0143275
695.6 0.646389 0.0144715
695.925 0.580719 0.0124792
696.249 0.624893 0.0113313
696.574 0.654652 0.0106913
696.898 0.711209 0.0113919
697.222 0.680134 0.0117559
697.546 0.66155 0.0121068
697.871 0.6427 0.0123138
698.195 0.650138 0.0125248
698.519 0.658448 0.0128475
698.843 0.662687 0.0131933
699.167 0.662168 0.0136837
699.491 0.660103 0.014147
699.814 0.661658 0.0145056
700.138 0.649346 0.0143356
700.462 0.665693 0.014643
700.786 0.657596 0.014575
701.109 0.649749 0.0141654
701.433 0.638223 0.0134539
701.756 0.664641 0.0132934
702.08 0.670097 0.0132627
702.403 0.664128 0.01332
702.726 0.677028 0.0139991
703.05 0.655468 0.0142376
703.373 0.657012 0.0145403
703.696 0.66189 0.0145731
704.019 0.678279 0.0152067
704.342 0.697518 0.0158956
704.665 0.655426 0.0159811
704.988 0.642027 0.0160008
705.311 0.638864 0.0152278
705.634 0.634147 0.01386
705.957 0.655918 0.0126014
706.28 0.650175 0.0115648
706.602 0.686485 0.0115065
706.925 0.672187 0.0114926
707.247 0.676563 0.011966
707.57 0.674214 0.0125112
707.892 0.652382 0.012608
708.215 0.664799 0.0133069
708.537 0.653278 0.0137325
708.859 0.655783 0.0140259
709.182 0.666183 0.0140589
709.504 0.636202 0.0132429
709.826 0.643701 0.0130458
710.148 0.662196 0.0133243
710.47 0.67374 0.0137788
710.792 0.668659 0.0141444
711.114 0.662719 0.0145057
711.436 0.665215 0.0150383
711.758 0.654846 0.014735
712.079 0.644829 0.0144386
712.401 0.644253 0.0139666
712.723 0.649243 0.0133319
713.044 0.641483 0.0126243
713.366 0.669276 0.0125509
713.687 0.664718 0.0124642
714.009 0.676997 0.0130183
714.33 0.653577 0.0130162
714.652 0.667264 0.0135465
714.973 0.669963 0.0140097
715.294 0.663126 0.0145709
715.615 0.660523 0.0154343
715.936 0.635467 0.0155332
716.257 0.659881 0.0161031
716.578 0.669241 0.0163152
716.899 0.663373 0.0160241
717.22 0.611561 0.0143559
717.541 0.674847 0.0146816
717.862 0.669097 0.0142835
718.182 0.661659 0.0144232
718.503 0.646237 0.0138764
718.824 0.688101 0.0145054
719.144 0.700595 0.0148108
719.465 0.670108 0.0148828
719.785 0.625248 0.014261
720.105 0.642219 0.0140476
720.426 0.666467 0.0141827
720.746 0.682393 0.0145563
721.066 0.674333 0.0145375
721.386 0.685792 0.0148323
721.706 0.685738 0.0152342
722.026 0.648498 0.0149901
722.346 0.655014 0.0153407
722.666 0.661591 0.0153019
722.986 0.65054 0.0148552
723.306 0.677563 0.0152119
723.626 0.702923 0.0157835
723.946 0.657115 0.0152805
724.265 0.635892 0.0144124
724.585 0.654263 0.0138691
724.904 0.650236 0.0134356
725.224 0.693464 0.0139973
725.543 0.661885 0.0136553
725.863 0.665588 0.0137123
726.182 0.657297 0.01397
726.501 0.667649 0.0146429
726.82 0.660667 0.0146873
727.14 0.632202 0.0138414
727.459 0.649185 0.0137154
727.778 0.662931 0.0136432
728.097 0.66704 0.0138732
728.416 0.643096 0.0134462
728.734 0.635978 0.0130564
729.053 0.662802 0.0131141
729.372 0.657624 0.013054
729.691 0.627926 0.0124999
730.009 0.625015 0.011794
730.328 0.630051 0.0114684
730.647 0.67073 0.0117864
730.965 0.669998 0.0120669
731.283 0.662596 0.0124739
731.602 0.646674 0.012643
731.92 0.636344 0.0124463
732.238 0.635499 0.0121075
732.557 0.650991 0.0119399
732.875 0.63422 0.0117358
733.193 0.624707 0.0110225
733.511 0.653689 0.0108453
733.829 0.672126 0.0110948
734.147 0.679502 0.0118479
734.465 0.658889 0.0123537
734.782 0.617435 0.0119524
735.1 0.635083 0.0119676
735.418 0.639876 0.011892
735.735 0.626046 0.0116861
736.053 0.644354 0.0119278
736.371 0.650605 0.0119428
736.688 0.655679 0.0123293
737.005 0.665882 0.0131679
737.323 0.641693 0.0135689
737.64 0.651269 0.0138645
737.957 0.633192 0.0132152
738.274 0.61252 0.0118389
738.592 0.652946 0.0116832
738.909 0.67247 0.0119968
739.226 0.697497 0.0132424
739.543 0.659677 0.0139028
739.86 0.634322 0.0142873
740.176 0.633354 0.0148743
740.493 0.663975 0.0159224
740.81 0.65352 0.0160334
741.127 0.625563 0.0153321
741.443 0.644762 0.0150729
741.76 0.660606 0.014535
742.076 0.678036 0.0146456
742.393 0.677222 0.0151492
742.709 0.670974 0.0159678
743.025 0.653432 0.0164021
743.342 0.640714 0.016066
743.658 0.652751 0.015969
743.974 0.677669 0.0159371
744.29 0.646439 0.0152782
744.606 0.684523 0.0160195
744.922 0.654166 0.0157965
745.238 0.656953 0.0158484
745.554 0.65765 0.0161212
745.87 0.646204 0.0161273
746.186 0.639531 0.0156587
746.501 0.649738 0.0152124
746.817 0.673217 0.0153618
747.132 0.681486 0.0163792
747.448 0.667889 0.0170684
747.763 0.631352 0.0166867
748.079 0.608971 0.0158132
748.394 0.618967 0.0148123
748.71 0.62873 0.0139371
749.025 0.619403 0.012884
749.34 0.639882 0.0128152
749.655 0.646384 0.0129627
749.97 0.659864 0.0136168
750.285 0.626435 0.0134564
750.6 0.63279 0.0133823
750.915 0.606687 0.0126135
751.23 0.648687 0.0131633
751.545 0.629301 0.013345
751.859 0.648486 0.0142112
752.174 0.627251 0.0144882
752.489 0.592067 0.0133525
752.803 0.61265 0.0128299
753.118 0.632839 0.0127636
753.432 0.639351 0.0131013
753.747 0.649815 0.0137989
754.061 0.604684 0.0130646
754.375 0.598787 0.0124299
754.689 0.626786 0.0123483
755.004 0.632038 0.0121836
755.318 0.616377 0.0118805
755.632 0.601094 0.0112581
755.946 0.623061 0.0111631
756.26 0.60968 0.0106624
756.573 0.601414 0.00999225
756.887 0.614947 0.00980644
757.201 0.629904 0.00995478
757.515 0.636647 0.0108213
757.828 0.621496 0.0115329
758.142 0.563575 0.0111148
758.455 0.554992 0.0103607
758.769 0.588167 0.0100722
759.082 0.611506 0.01008
759.396 0.622711 0.00994054
759.709 0.61284 0.00977016
760.022 0.606457 0.00966572
760.335 0.631604 0.0103023
760.648 0.626959 0.0109218
760.962 0.604151 0.0115368
761.275 0.587941 0.0120773
761.587 0.582916 0.0123169
761.9 0.602081 0.012607
762.213 0.574274 0.0119395
762.526 0.58109 0.0115701
762.839 0.605436 0.0117578
763.151 0.59962 0.0114114
763.464 0.585604 0.0107022
763.776 0.591773 0.0100601
764.089 0.621835 0.00987822
764.401 0.629135 0.0102024
764.714 0.622061 0.0106688
765.026 0.608708 0.0112426
765.338 0.603446 0.0118923
765.65 0.617572 0.0130218
765.962 0.59603 0.0134743
766.275 0.581337 0.0138697
766.587 0.580158 0.0140391
766.898 0.581688 0.0136799
767.21 0.594368 0.0132388
767.522 0.601143 0.0122657
767.834 0.617843 0.0118279
768.146 0.634554 0.0120212
768.457 0.626571 0.012408
768.769 0.614636 0.0129663
769.08 0.588959 0.013013
769.392 0.575658 0.0124795
769.703 0.581466 0.0118875
770.015 0.587776 0.0114638
770.326 0.618364 0.0116731
770.637 0.620771 0.0120568
770.948 0.64185 0.0130963
771.26 0.590214 0.0134386
771.571 0.572602 0.0134641
771.882 0.617031 0.013955
772.193 0.610707 0.013558
772.504 0.601622 0.0136571
772.814 0.600148 0.0141841
773.125 0.591411 0.0142951
773.436 0.609287 0.0148413
773.747 0.60348 0.0152643
774.057 0.611269 0.0157808
774.368 0.62237 0.0159812
774.678 0.63345 0.0165113
774.989 0.610203 0.0166648
775.299 0.62611 0.0173403
775.609 0.612258 0.0171572
775.919 0.613036 0.0169819
776.23 0.638011 0.0171226
776.54 0.658196 0.0176643
776.85 0.624615 0.017062
777.16 0.606549 0.0167054
777.47 0.626471 0.0162309
777.78 0.60575 0.0150394
778.089 0.607582 0.0142276
778.399 0.634951 0.0145055
778.709 0.615303 0.0145695
779.019 0.637431 0.0156782
779.328 0.611876 0.0163488
779.638 0.577427 0.0159509
779.947 0.550053 0.0145894
780.257 0.579145 0.0134878
780.566 0.607019 0.0131594
780.875 0.625626 0.0133979
781.185 0.607205 0.0138716
781.494 0.578188 0.014049
781.803 0.572553 0.0140706
782.112 0.581272 0.0145601
782.421 0.561012 0.0142029
782.73 0.576811 0.0141088
783.039 0.585902 0.0142458
783.348 0.618539 0.0153622
783.656 0.600727 0.0164612
783.965 0.571142 0.0162764
784.274 0.57135 0.0159303
784.582 0.59205 0.015691
784.891 0.602196 0.0155263
785.199 0.604706 0.0156611
785.508 0.618148 0.0164573
785.816 0.5963 0.0164441
786.124 0.625741 0.0168273
786.432 0.568887 0.0150475
786.741 0.609777 0.0150031
787.049 0.630277 0.0150685
787.357 0.605466 0.0147361
787.665 0.553801 0.0140253
787.973 0.591392 0.0146351
788.281 0.598917 0.0151952
788.588 0.581464 0.0155799
788.896 0.573579 0.0164096
789.204 0.566111 0.0168145
789.511 0.565291 0.017094
789.819 0.569116 0.0172318
790.126 0.560562 0.0172327
790.434 0.57617 0.0176005
790.741 0.615935 0.0183445
791.049 0.597761 0.0178388
791.356 0.625687 0.018738
791.663 0.627253 0.0197178
791.97 0.587461 0.0186974
792.277 0.638567 0.0201296
792.584 0.618223 0.0184126
792.891 0.54544 0.0152013
793.198 0.56644 0.0142563
793.505 0.593516 0.0142055
793.812 0.598667 0.0144259
794.119 0.576468 0.0145759
794.425 0.560639 0.0146468
794.732 0.553467 0.0151886
795.038 0.602362 0.0175549
795.345 0.555004 0.0181257
795.651 0.572054 0.0194274
795.958 0.569698 0.0196372
796.264 0.551825 0.0186017
796.57 0.57541 0.0179292
796.876 0.605618 0.0179214
797.183 0.624997 0.018647
797.489 0.613212 0.0191912
797.795 0.601892 0.0191896
798.101 0.604073 0.0194495
798.406 0.611605 0.0193886
798.712 0.600106 0.0194357
799.018 0.6152 0.0203754
799.324 0.608311 0.0204274
799.629 0.607185 0.0206071
799.935 0.584807 0.0202602
800.24 0.598017 0.0206342
800.546 0.587475 0.0202772
800.851 0.644451 0.0221471
801.157 0.60301 0.0217165
801.462 0.632813 0.0225838
801.767 0.596943 0.022175
802.072 0.61736 0.0217067
802.377 0.606266 0.0207864
802.682 0.608959 0.0203139
802.987 0.606157 0.0203615
803.292 0.636533 0.0220448
803.597 0.640606 0.022477
803.902 0.616975 0.0221383
804.207 0.600229 0.0212157
804.511 0.591602 0.0207001
804.816 0.568996 0.0196857
805.12 0.572663 0.0183579
805.425 0.582305 0.0173776
805.729 0.588565 0.0173655
806.034 0.60092 0.0180878
806.338 0.588138 0.0185712
806.642 0.59414 0.0194389
806.946 0.574055 0.0190599
807.251 0.580228 0.0191698
807.555 0.584085 0.0191621
807.859 0.587439 0.0190649
808.162 0.571802 0.0188972
808.466 0.584623 0.0198543
808.77 0.602365 0.0205981
809.074 0.566245 0.0204374
809.378 0.604074 0.0215503
809.681 0.610745 0.0220841
809.985 0.592928 0.0216409
810.288 0.60239 0.021498
810.592 0.632551 0.0227803
810.895 0.597071 0.022258
811.198 0.592526 0.0225821
811.502 0.67006 0.0255791
811.805 0.606696 0.0239435
812.108 0.633095 0.0250406
812.411 0.61353 0.0234599
812.714 0.577805 0.020628
813.017 0.587148 0.0196792
813.32 0.61796 0.0201454
813.623 0.590116 0.0199052
813.926 0.613495 0.0222247
814.228 0.620818 0.0232717
814.531 0.595316 0.0234633
814.833 0.587907 0.0235685
815.136 0.577033 0.0234004
815.438 0.606509 0.0245159
815.741 0.643472 0.0249372
816.043 0.650333 0.0247041
816.345 0.585735 0.0225657
816.648 0.631856 0.0236198
816.95 0.653148 0.0243485
817.252 0.631818 0.0245169
817.554 0.639327 0.0247241
817.856 0.619638 0.0248859
818.158 0.667837 0.0264969
818.46 0.668727 0.0271314
818.761 0.635175 0.02594
819.063 0.665137 0.0265081
819.365 0.652273 0.0259024
819.666 0.607398 0.0235592
819.968 0.636789 0.0233385
820.269 0.581146 0.0213806
820.571 0.650014 0.0232311
820.872 0.59419 0.0229882
821.173 0.66623 0.0253703
821.475 0.60454 0.0246656
821.776 0.6129 0.0250778
822.077 0.643269 0.0258231
822.378 0.638022 0.0252577
822.679 0.669529 0.026564
822.98 0.665277 0.0269413
823.281 0.65963 0.0273423
823.581 0.632555 0.0265981
823.882 0.677228 0.0280855
824.183 0.687133 0.0275715
824.483 0.66597 0.0265893
824.784 0.588395 0.0235881
825.084 0.634073 0.0247419
825.385 0.615324 0.0239895
825.685 0.601679 0.024607
825.985 0.640406 0.0261045
826.286 0.691522 0.0269951
826.586 0.609499 0.0244787
826.886 0.616125 0.0244779
827.186 0.645112 0.0247187
827.486 0.64644 0.0257053
827.786 0.649547 0.0266787
828.086 0.650746 0.0270268
828.386 0.658056 0.0262378
828.685 0.602546 0.0250987
828.985 0.677578 0.027529
829.285 0.678927 0.0276485
829.584 0.60775 0.0262763
829.884 0.672424 0.0285041
830.183 0.661353 0.0284733
830.482 0.769986 0.0319167
830.782 0.678134 0.0302305
831.081 0.726449 0.0331012
831.38 0.76899 0.0333359
831.679 0.665627 0.0288705
831.978 0.66721 0.028893
832.277 0.669012 0.0283885
832.576 0.698986 0.0293329
832.875 0.677319 0.0290995
833.174 0.680579 0.0285319
833.472 0.689381 0.0297268
833.771 0.683004 0.028938
834.07 0.67716 0.0282067
834.368 0.697228 0.028789
834.667 0.735308 0.0301723
834.965 0.69965 0.0300119
835.263 0.732623 0.0309615
835.562 0.689159 0.0297488
835.86 0.633044 0.0285607
836.158 0.716652 0.0313184
836.456 0.785008 0.0343803
836.754 0.68617 0.0304008
837.052 0.684546 0.0311919
837.35 0.688331 0.0308068
837.648 0.853426 0.0359395
837.946 0.709175 0.0316322
838.243 0.757529 0.0335624
838.541 0.745556 0.0330872
838.839 0.709562 0.0309752
839.136 0.780112 0.0331196
839.434 0.727234 0.0319196
839.731 0.698906 0.0303302
840.028 0.765647 0.0338656
840.326 0.751054 0.0321333
840.623 0.655423 0.0308244
840.92 0.683897 0.0316704
841.217 0.81682 0.0360888
841.514 0.735316 0.0333292
841.811 0.727149 0.0325997
842.108 0.703148 0.0322301
842.405 0.732445 0.0332377
842.701 0.660621 0.0305552
842.998 0.75395 0.0338786
843.295 0.742743 0.0330549
843.591 0.780928 0.0346764
843.888 0.80835 0.0352116
844.184 0.817688 0.0359095
844.481 0.698435 0.0323631
844.777 0.812483 0.0364882
845.073 0.79795 0.0356121
845.369 0.696109 0.0324941
845.665 0.787987 0.0354694
845.962 0.811628 0.0357213
846.258 0.796855 0.0360553
846.553 0.839696 0.0376454
846.849 0.78237 0.0351358
847.145 0.767935 0.0342337
847.441 0.715375 0.0335178
847.737 0.80201 0.036523
848.032 0.752563 0.0339333
848.328 0.802934 0.0350891
848.623 0.942055 0.0416451
848.919 0.810668 0.0365745
849.214 0.786776 0.0353537
849.509 0.808621 0.0366945
849.805 0.800724 0.0356353
850.1 0.832066 0.0369884
850.395 0.870684 0.0388362
850.69 0.835816 0.0378403
850.985 0.779827 0.0348033
851.28 0.789302 0.0357136
851.575 0.78701 0.0350052
851.869 0.730368 0.0338634
852.164 0.736339 0.0334928
852.459 0.679201 0.0308757
852.753 0.698148 0.0306261
853.048 0.677881 0.0295284
853.342 0.640665 0.0275972
853.637 0.688471 0.029229
853.931 0.634584 0.0280529
854.225 0.678573 0.0292608
854.52 0.685805 0.0294796
854.814 0.712345 0.0308476
855.108 0.752678 0.0331268
855.402 0.729157 0.0318306
855.696 0.759966 0.0332294
855.99 0.720869 0.0321538
856.283 0.772352 0.0331305
856.577 0.691441 0.0311773
856.871 0.680526 0.0306674
857.164 0.750996 0.0331257
857.458 0.827831 0.0356407
857.751 0.698677 0.031911
858.045 0.808904 0.0360196
858.338 0.692258 0.0319216
858.632 0.787175 0.0355762
858.925 0.766995 0.0350106
859.218 0.770699 0.0352635
859.511 0.814107 0.0358899
859.804 0.832132 0.0371795
860.097 0.754081 0.0341798
860.39 0.822743 0.0367186
860.683 0.787934 0.035467
860.976 0.766389 0.0360659
861.268 0.767763 0.0357284
861.561 0.772945 0.0357941
861.854 0.802665 0.0366174
862.146 0.77701 0.0364284
862.439 0.801805 0.0361747
862.731 0.803995 0.0364209
863.023 0.737524 0.0340913
863.316 0.805248 0.0362046
863.608 0.73257 0.0327497
863.9 0.925677 0.0403006
864.192 0.767788 0.035362
864.484 0.752173 0.0356897
864.776 0.709076 0.0333267
865.068 0.793795 0.0368944
865.36 0.772562 0.0358854
865.651 0.779012 0.0360967
865.943 0.810302 0.037708
866.235 0.81575 0.0371268
866.526 0.892337 0.0396234
866.818 0.830371 0.0379035
867.109 0.867707 0.0390352
867.4 0.742405 0.0349372
867.692 0.805328 0.0365666
867.983 0.803122 0.0364026
868.274 0.770654 0.0353243
868.565 0.757134 0.0354083
868.856 0.864963 0.0385373
869.147 0.765621 0.0358052
869.438 0.912734 0.0411079
869.729 0.866747 0.0398957
870.02 0.921085 0.0406507
870.31 0.817672 0.0382157
870.601 0.764717 0.0356083
870.892 0.883719 0.0392187
871.182 0.836344 0.0386828
871.473 0.837075 0.037528
871.763 0.872271 0.0392632
872.053 0.792431 0.0369445
872.343 0.82065 0.0370675
872.634 0.850769 0.0394458
872.924 0.917272 0.0420448
873.214 0.839212 0.0383983
873.504 0.839614 0.0387871
873.794 0.791358 0.0371472
874.084 0.798099 0.0369364
874.373 0.741999 0.0367935
874.663 0.773018 0.0362186
874.953 0.93774 0.0416161
875.242 0.85481 0.0391584
875.532 0.800775 0.0367928
875.821 0.837215 0.0390324
876.111 0.778509 0.0365441
876.4 0.836929 0.0371422
876.689 0.781239 0.0360033
876.978 0.860469 0.0387096
877.268 0.802666 0.0373067
877.557 0.845211 0.0382433
877.846 0.832045 0.0381612
878.134 0.80556 0.0385193
878.423 0.805708 0.0385264
878.712 0.805856 0.0385335
