178.41 0.688123 0.129192
178.791 0.69248 0.13001
179.172 0.696806 0.130822
179.553 0.828093 0.828093
179.934 0.260806 0.260806
180.316 0.54634 0.54634
180.697 0.940285 0.940285
181.078 0.737248 0.737248
181.459 0.213401 0.213401
181.84 0.481828 0.481828
182.221 4.88594 4.88594
182.602 -0.350679 -0.350679
182.983 0.25718 0.0646803
183.364 3.11159 0.578407
183.744 0.258771 0.0543607
184.125 0.422401 0.0586951
184.506 0.674701 0.0657065
184.887 0.965791 0.0906856
185.268 0.799876 0.0725931
185.648 0.554251 0.0437928
186.029 0.614724 0.0444183
186.41 0.573109 0.0404019
186.791 0.587585 0.0380683
187.171 0.657769 0.0370899
187.552 0.58115 0.0294447
187.932 0.566068 0.0265581
188.313 0.554814 0.0266016
188.694 0.560807 0.0250308
189.074 0.579185 0.0255076
189.455 0.532566 0.0238107
189.835 0.598339 0.0250863
190.216 0.582868 0.0239993
190.596 0.599836 0.0239724
190.977 0.58059 0.0230063
191.357 0.58873 0.023486
191.737 0.618295 0.023762
192.118 0.664047 0.0250134
192.498 0.634531 0.0235544
192.878 0.596144 0.0222248
193.258 0.625852 0.0230356
193.639 0.644161 0.0233979
194.019 0.626325 0.0226825
194.399 0.599005 0.0220982
194.779 0.651227 0.0229792
195.159 0.587682 0.0212124
195.54 0.614785 0.0214829
195.92 0.604075 0.0209858
196.3 0.592401 0.0208449
196.68 0.665485 0.0225065
197.06 0.634301 0.0215776
197.44 0.634448 0.0212522
197.82 0.649505 0.0213612
198.2 0.647403 0.0211827
198.58 0.614228 0.0199591
198.959 0.64038 0.0203363
199.339 0.627369 0.0199231
199.719 0.682874 0.0213841
200.099 0.639984 0.0198879
200.479 0.662276 0.0201158
200.858 0.613227 0.0191398
201.238 0.65681 0.0200489
201.618 0.644533 0.0195212
201.998 0.641623 0.0191968
202.377 0.645354 0.0190745
202.757 0.659052 0.0189473
203.136 0.682331 0.0194814
203.516 0.659755 0.0188844
203.896 0.628121 0.0178561
204.275 0.660632 0.0185134
204.655 0.679592 0.0184148
205.034 0.66579 0.0181343
205.414 0.645156 0.0173676
205.793 0.630802 0.0170471
206.172 0.640209 0.0169279
206.552 0.674976 0.0174586
206.931 0.666197 0.0170506
207.31 0.634259 0.016427
207.69 0.631505 0.0160081
208.069 0.648483 0.0163361
208.448 0.669916 0.016289
208.827 0.674837 0.0162172
209.207 0.643225 0.0154975
209.586 0.656866 0.0154388
209.965 0.65573 0.0154645
210.344 0.674574 0.0153488
210.723 0.646426 0.0147809
211.102 0.644797 0.0145256
211.481 0.669088 0.0147359
211.86 0.665007 0.0145755
212.239 0.658805 0.0142067
212.618 0.65828 0.0140547
212.997 0.684433 0.0143178
213.376 0.657766 0.0136692
213.755 0.67361 0.0136275
214.134 0.660659 0.0134341
214.513 0.664638 0.0133662
214.891 0.654036 0.0129465
215.27 0.665567 0.0129663
215.649 0.648517 0.0125258
216.028 0.667168 0.0126119
216.406 0.651869 0.0122722
216.785 0.668622 0.0123389
217.164 0.661443 0.0120269
217.542 0.66947 0.0118989
217.921 0.657163 0.011648
218.3 0.679043 0.011844
218.678 0.678146 0.0115864
219.057 0.679638 0.0114783
219.435 0.686091 0.0113448
219.814 0.67812 0.0111257
220.192 0.676809 0.010939
220.57 0.682005 0.0108209
220.949 0.689528 0.0108069
221.327 0.681191 0.0105011
221.705 0.690502 0.0104694
222.084 0.687462 0.010271
222.462 0.696581 0.0102783
222.84 0.701273 0.010155
223.218 0.700982 0.0100115
223.597 0.693219 0.00976126
223.975 0.696034 0.00961164
224.353 0.702343 0.00950811
224.731 0.691682 0.0092799
225.109 0.709895 0.00933666
225.487 0.710123 0.00922146
225.865 0.717379 0.00912179
226.243 0.706551 0.00892968
226.621 0.709982 0.00881215
226.999 0.713107 0.00868719
227.377 0.722253 0.00863358
227.755 0.700308 0.00835063
228.133 0.717974 0.00835128
228.511 0.731429 0.00840245
228.889 0.724879 0.00820671
229.266 0.73088 0.00818345
229.644 0.729558 0.00800589
230.022 0.725419 0.0078969
230.4 0.726175 0.00781672
230.777 0.735254 0.00778801
231.155 0.733562 0.00768869
231.533 0.729218 0.00753284
231.91 0.739009 0.0074856
232.288 0.7469 0.00748611
232.665 0.734485 0.00733476
233.043 0.749274 0.00732326
233.42 0.742932 0.00725368
233.798 0.740438 0.00714364
234.175 0.751893 0.00712992
234.553 0.754882 0.00710673
234.93 0.752206 0.00700181
235.307 0.753245 0.0069619
235.685 0.752101 0.00686271
236.062 0.758291 0.00684357
236.439 0.761058 0.00680502
236.816 0.759719 0.00671438
237.194 0.753358 0.00662212
237.571 0.76364 0.00662895
237.948 0.770082 0.00662091
238.325 0.769785 0.00656739
238.702 0.759151 0.00646455
239.079 0.761007 0.00641646
239.456 0.768091 0.00639841
239.833 0.766887 0.00634233
240.21 0.768911 0.00631552
240.587 0.76611 0.0062546
240.964 0.774329 0.00624928
241.341 0.776939 0.00621822
241.718 0.775857 0.00615913
242.095 0.770223 0.00611154
242.472 0.772369 0.00606506
242.849 0.770774 0.00605032
243.225 0.772333 0.00597784
243.602 0.780097 0.00600869
243.979 0.7782 0.00598925
244.356 0.778357 0.00592987
244.732 0.773206 0.00585404
245.109 0.785154 0.00588744
245.486 0.77967 0.00581868
245.862 0.783494 0.00582667
246.239 0.78657 0.00580085
246.615 0.781714 0.00574589
246.992 0.789294 0.00574205
247.368 0.782547 0.00569192
247.745 0.796138 0.00571186
248.121 0.783178 0.00560823
248.497 0.785136 0.00563064
248.874 0.795037 0.0056362
249.25 0.792581 0.00557053
249.626 0.793828 0.00555532
250.003 0.79138 0.00552166
250.379 0.791775 0.0054881
250.755 0.791489 0.00546423
251.131 0.785582 0.00541351
251.507 0.794927 0.00545813
251.884 0.790425 0.00538529
252.26 0.794237 0.00539708
252.636 0.790788 0.00534295
253.012 0.791221 0.00532503
253.388 0.796854 0.00532057
253.764 0.793297 0.00529196
254.14 0.797136 0.00529414
254.516 0.79728 0.00527833
254.892 0.796025 0.00526923
255.268 0.797752 0.00525183
255.643 0.795168 0.00522859
256.019 0.795666 0.00519849
256.395 0.80097 0.00521998
256.771 0.798216 0.00518198
257.147 0.802088 0.0051829
257.522 0.804825 0.00519707
257.898 0.798406 0.00515014
258.274 0.80094 0.00515472
258.649 0.802553 0.00514708
259.025 0.801629 0.00511981
259.4 0.798364 0.00509824
259.776 0.807697 0.00512644
260.151 0.806338 0.00512781
260.527 0.804516 0.00511348
260.902 0.80358 0.00508236
261.278 0.800315 0.00506245
261.653 0.806714 0.00508528
262.028 0.801548 0.00506946
262.404 0.811271 0.00509556
262.779 0.809145 0.00506922
263.154 0.808975 0.00505512
263.53 0.805488 0.00502476
263.905 0.808252 0.00504731
264.28 0.809693 0.00505655
264.655 0.812618 0.00505219
265.03 0.81479 0.00507862
265.405 0.812163 0.00505205
265.781 0.808202 0.00502211
266.156 0.817572 0.00507285
266.531 0.808425 0.00501443
266.906 0.808348 0.00501855
267.281 0.807848 0.00499432
267.655 0.81155 0.00504321
268.03 0.808706 0.00501655
268.405 0.811966 0.00503596
268.78 0.819137 0.00506431
269.155 0.811854 0.00501725
269.53 0.812268 0.00502113
269.904 0.811877 0.00501815
270.279 0.821671 0.00506696
270.654 0.8144 0.00501973
271.029 0.816816 0.00504135
271.403 0.812882 0.00502875
271.778 0.817691 0.00503828
272.152 0.815957 0.00504025
272.527 0.813605 0.00502831
272.901 0.818694 0.00503467
273.276 0.818779 0.00502559
273.65 0.816292 0.00500546
274.025 0.821361 0.00505346
274.399 0.81625 0.00504126
274.774 0.816049 0.00502008
275.148 0.820439 0.00502426
275.522 0.811468 0.00498347
275.897 0.8174 0.00502293
276.271 0.817438 0.00502568
276.645 0.817679 0.00501143
277.019 0.818011 0.00501586
277.393 0.82128 0.00501163
277.768 0.825755 0.0050448
278.142 0.818432 0.00500217
278.516 0.825772 0.00506322
278.89 0.818498 0.00501709
279.264 0.826221 0.00505665
279.638 0.821633 0.00501939
280.012 0.819108 0.00500566
280.386 0.82326 0.00504949
280.76 0.823227 0.00503051
281.133 0.824627 0.00503994
281.507 0.814927 0.00500277
281.881 0.827741 0.00503634
282.255 0.819349 0.00502198
282.629 0.819935 0.00503468
283.002 0.818117 0.00502696
283.376 0.821697 0.00503507
283.75 0.823158 0.00505316
284.123 0.823066 0.0050442
284.497 0.82924 0.00507083
284.87 0.82477 0.00506002
285.244 0.824612 0.005043
285.618 0.827933 0.00506386
285.991 0.825471 0.00507884
286.364 0.829608 0.00509984
286.738 0.830667 0.00509295
287.111 0.824329 0.00505362
287.485 0.824492 0.00508043
287.858 0.827462 0.00510068
288.231 0.827784 0.00511163
288.605 0.827998 0.00512164
288.978 0.825731 0.00509518
289.351 0.824377 0.00511405
289.724 0.83204 0.00515755
290.097 0.826278 0.00513118
290.47 0.825953 0.00514545
290.843 0.825728 0.00514018
291.217 0.827182 0.00516153
291.59 0.830623 0.00520377
291.963 0.832032 0.00519601
292.336 0.833987 0.00521601
292.708 0.819197 0.00516614
293.081 0.823657 0.00518996
293.454 0.832443 0.00522525
293.827 0.834877 0.00524967
294.2 0.833235 0.00526945
294.573 0.831412 0.00524799
294.945 0.832139 0.00528408
295.318 0.824289 0.00523382
295.691 0.829175 0.00527775
296.064 0.826785 0.0052754
296.436 0.829419 0.00529021
296.809 0.83145 0.00529893
297.181 0.830821 0.0053129
297.554 0.832392 0.00533237
297.926 0.832604 0.00533266
298.299 0.831054 0.00533116
298.671 0.835927 0.00532566
299.044 0.838445 0.00536214
299.416 0.832117 0.00533244
299.788 0.833429 0.00534391
300.161 0.832252 0.00534624
300.533 0.831089 0.0053456
300.905 0.832242 0.00532343
301.278 0.830827 0.00532728
301.65 0.826313 0.00531051
302.022 0.828434 0.0053404
302.394 0.83216 0.00536235
302.766 0.834118 0.00535677
303.138 0.831314 0.00536872
303.51 0.826749 0.00531725
303.882 0.838266 0.005379
304.254 0.832286 0.00534468
304.626 0.832304 0.00533918
304.998 0.830402 0.00532854
305.37 0.830936 0.00536173
305.742 0.8279 0.00533289
306.114 0.831631 0.00535071
306.485 0.831785 0.00534043
306.857 0.834796 0.00534637
307.229 0.828655 0.00533797
307.601 0.830767 0.00535681
307.972 0.826095 0.00533611
308.344 0.83178 0.00535733
308.716 0.837909 0.00540667
309.087 0.833849 0.00536777
309.459 0.832539 0.00537686
309.83 0.833589 0.00537666
310.202 0.823801 0.00533157
310.573 0.82891 0.00534811
310.945 0.839716 0.00540597
311.316 0.834542 0.00539698
311.687 0.83308 0.00536921
312.059 0.83508 0.00538737
312.43 0.832619 0.00538598
312.801 0.827249 0.00535394
313.172 0.836282 0.00540557
313.544 0.826624 0.00537325
313.915 0.829707 0.00537692
314.286 0.825626 0.00536537
314.657 0.82675 0.00535903
315.028 0.828742 0.0053776
315.399 0.830379 0.00538567
315.77 0.833028 0.00539328
316.141 0.830292 0.0053876
316.512 0.832335 0.00539701
316.883 0.834786 0.00543171
317.254 0.835121 0.00542809
317.625 0.830591 0.00542384
317.996 0.828739 0.00540541
318.366 0.833614 0.00543137
318.737 0.827224 0.00540547
319.108 0.828926 0.00541863
319.478 0.836533 0.00546212
319.849 0.823229 0.00540165
320.22 0.833802 0.00545223
320.59 0.829846 0.00543669
320.961 0.829139 0.00544873
321.331 0.830876 0.00544177
321.702 0.830426 0.0054871
322.072 0.830888 0.00548117
322.443 0.83457 0.00550006
322.813 0.828105 0.00546591
323.184 0.833442 0.00550903
323.554 0.827437 0.00548945
323.924 0.82876 0.00548203
324.295 0.832611 0.00552395
324.665 0.832224 0.00552898
325.035 0.827984 0.00550087
325.405 0.827841 0.00551848
325.775 0.834513 0.00557501
326.145 0.821938 0.00552912
326.515 0.836606 0.00561334
326.886 0.833193 0.00560209
327.256 0.825725 0.00557794
327.626 0.82463 0.00561757
327.995 0.829532 0.00565477
328.365 0.827346 0.00565401
328.735 0.829127 0.00568369
329.105 0.827971 0.00572595
329.475 0.828953 0.00578147
329.845 0.824008 0.00578368
330.215 0.830912 0.00579472
330.584 0.818994 0.00568913
330.954 0.827991 0.00564742
331.324 0.823399 0.00550269
331.693 0.83054 0.00544009
332.063 0.83336 0.00541647
332.432 0.842874 0.00541201
332.802 0.826503 0.00535832
333.171 0.82344 0.0053983
333.541 0.831555 0.00551999
333.91 0.833492 0.00556831
334.28 0.835037 0.00561555
334.649 0.828404 0.0056073
335.018 0.833976 0.00564019
335.388 0.831542 0.00564539
335.757 0.826492 0.00562436
336.126 0.827775 0.00565041
336.495 0.830647 0.00566334
336.865 0.824156 0.00564974
337.234 0.831048 0.00571118
337.603 0.826389 0.00567909
337.972 0.832665 0.00571844
338.341 0.82733 0.00568372
338.71 0.828551 0.00570197
339.079 0.835223 0.0057323
339.448 0.82985 0.00569252
339.817 0.824174 0.00568442
340.186 0.825395 0.00569937
340.554 0.831659 0.00573739
340.923 0.822039 0.0056935
341.292 0.831607 0.00575747
341.661 0.828268 0.00573016
342.029 0.830712 0.00573233
342.398 0.829498 0.00575345
342.767 0.829124 0.00577321
343.135 0.826449 0.00572904
343.504 0.828884 0.00577705
343.872 0.824937 0.00573069
344.241 0.821954 0.00572267
344.609 0.826833 0.00575802
344.978 0.826915 0.00576505
345.346 0.827278 0.00575003
345.715 0.827184 0.00577203
346.083 0.823477 0.00575741
346.451 0.828772 0.00579526
346.82 0.82642 0.00578188
347.188 0.824892 0.00577056
347.556 0.828081 0.00580062
347.924 0.816839 0.00573218
348.292 0.8323 0.00586216
348.66 0.828835 0.00583462
349.028 0.825145 0.00580489
349.396 0.822575 0.00580607
349.764 0.824102 0.00580746
350.132 0.82382 0.00583823
350.5 0.825863 0.00582322
350.868 0.834889 0.00589515
351.236 0.835343 0.00588366
351.604 0.833408 0.00589642
351.972 0.833762 0.00590627
352.34 0.822321 0.00586445
352.707 0.829155 0.0058909
353.075 0.826007 0.00586635
353.443 0.824102 0.00587951
353.81 0.825193 0.00590716
354.178 0.827233 0.00591557
354.545 0.820335 0.00586875
354.913 0.828846 0.00591892
355.28 0.81667 0.00586488
355.648 0.82884 0.00592132
356.015 0.822967 0.00592019
356.383 0.828717 0.00593059
356.75 0.823632 0.00593284
357.117 0.824705 0.00593451
357.485 0.828378 0.00596886
357.852 0.828454 0.00596377
358.219 0.831203 0.00598027
358.586 0.826225 0.00595685
358.954 0.824888 0.00596165
359.321 0.824919 0.00596602
359.688 0.82751 0.00599488
360.055 0.821809 0.0059633
360.422 0.830516 0.00598794
360.789 0.822073 0.00598535
361.156 0.825719 0.00599712
361.523 0.822745 0.00600959
361.89 0.832427 0.00604537
362.256 0.818442 0.00595597
362.623 0.826256 0.00603309
362.99 0.828257 0.00606462
363.357 0.827772 0.00605539
363.724 0.819482 0.00601645
364.09 0.822069 0.00603552
364.457 0.830787 0.00609476
364.823 0.82768 0.00604238
365.19 0.826269 0.00603263
365.557 0.827469 0.0060619
365.923 0.823985 0.00604991
366.29 0.828349 0.00607348
366.656 0.834319 0.00610296
367.022 0.825094 0.00603779
367.389 0.832139 0.00610329
367.755 0.816824 0.00603515
368.121 0.824914 0.00609911
368.488 0.825769 0.00609395
368.854 0.81758 0.00606603
369.22 0.831408 0.00616269
369.586 0.821861 0.00614183
369.952 0.820711 0.00614715
370.318 0.825535 0.00618448
370.684 0.827123 0.00620913
371.051 0.820885 0.00617442
371.416 0.82434 0.00621956
371.782 0.814828 0.00616376
372.148 0.827037 0.00622235
372.514 0.818819 0.00621729
372.88 0.820556 0.00621641
373.246 0.818059 0.006226
373.612 0.823309 0.00623303
373.977 0.81547 0.00618077
374.343 0.821622 0.00619966
374.709 0.824567 0.00619063
375.074 0.829855 0.00623362
375.44 0.825931 0.00623375
375.806 0.826586 0.00626726
376.171 0.824254 0.00625295
376.537 0.820709 0.00621802
376.902 0.824317 0.00625922
377.268 0.826117 0.00624131
377.633 0.821628 0.00621098
377.998 0.817606 0.00615165
378.364 0.821954 0.00614592
378.729 0.820783 0.00613048
379.094 0.824835 0.00616678
379.459 0.820413 0.00622514
379.825 0.821996 0.00623113
380.19 0.826465 0.00625117
380.555 0.821408 0.0062877
380.92 0.819067 0.006327
381.285 0.831729 0.00640394
381.65 0.824515 0.00633892
382.015 0.816623 0.00628339
382.38 0.822151 0.00633372
382.745 0.828227 0.00640827
383.11 0.817488 0.00635511
383.474 0.827417 0.00639603
383.839 0.821359 0.00637139
384.204 0.822437 0.00640519
384.569 0.816628 0.00637906
384.933 0.810106 0.00636626
385.298 0.818778 0.00644428
385.663 0.827431 0.00649188
386.027 0.822861 0.00643232
386.392 0.819782 0.00639925
386.756 0.818468 0.00635304
387.121 0.822747 0.00637646
387.485 0.815665 0.00629737
387.849 0.817675 0.00626493
388.214 0.824235 0.00637842
388.578 0.81451 0.00634032
388.942 0.82565 0.00645862
389.307 0.815053 0.00638648
389.671 0.819344 0.00644014
390.035 0.822083 0.00641576
390.399 0.819871 0.00640924
390.763 0.810526 0.00633984
391.127 0.817572 0.00631928
391.492 0.810239 0.00622461
391.856 0.812924 0.00618072
392.219 0.809487 0.00608571
392.583 0.828502 0.00619976
392.947 0.825143 0.00627991
393.311 0.817584 0.00633127
393.675 0.819079 0.0063651
394.039 0.816318 0.00637086
394.403 0.820688 0.00641184
394.766 0.825994 0.00647428
395.13 0.815909 0.00643944
395.494 0.807832 0.00639866
395.857 0.817667 0.00643356
396.221 0.812717 0.00638287
396.584 0.817276 0.00635994
396.948 0.813443 0.00627818
397.311 0.808218 0.00616276
397.675 0.82509 0.00618947
398.038 0.818857 0.00614716
398.401 0.825649 0.00625642
398.765 0.822235 0.00633689
399.128 0.824899 0.00644094
399.491 0.818529 0.00645921
399.854 0.813371 0.00646411
400.218 0.805474 0.0064197
400.581 0.823904 0.00656069
400.944 0.813983 0.00651242
401.307 0.814665 0.00662469
401.67 0.821968 0.00663686
402.033 0.808776 0.00658862
402.396 0.810925 0.00660275
402.759 0.811497 0.00660251
403.122 0.813955 0.00660577
403.485 0.816215 0.00660456
403.847 0.814644 0.0065583
404.21 0.815481 0.00653053
404.573 0.816832 0.0065094
404.936 0.812459 0.00643342
405.298 0.818032 0.00653827
405.661 0.820186 0.00664373
406.023 0.820712 0.00672238
406.386 0.810025 0.00669419
406.749 0.816747 0.00678169
407.111 0.817254 0.0068174
407.473 0.807978 0.00668468
407.836 0.81838 0.00667149
408.198 0.815375 0.00664369
408.561 0.816209 0.00664874
408.923 0.81003 0.00659992
409.285 0.807315 0.00657988
409.647 0.812916 0.00669986
410.009 0.814986 0.0067701
410.372 0.818125 0.00678241
410.734 0.817908 0.00681564
411.096 0.81229 0.00678803
411.458 0.82143 0.0068288
411.82 0.81467 0.00675423
412.182 0.812979 0.0066795
412.544 0.819009 0.00673085
412.906 0.817914 0.00672548
413.267 0.811762 0.0066865
413.629 0.819159 0.0067861
413.991 0.816425 0.00681131
414.353 0.814775 0.00681366
414.714 0.825054 0.00694575
415.076 0.811358 0.0068658
415.438 0.812244 0.00686262
415.799 0.810919 0.00681758
416.161 0.817814 0.00691252
416.522 0.817545 0.00695449
416.884 0.814695 0.00694447
417.245 0.815209 0.00695911
417.607 0.808013 0.006917
417.968 0.808467 0.00694489
418.329 0.80801 0.00689287
418.691 0.81215 0.00691712
419.052 0.816331 0.00692427
419.413 0.814349 0.00690075
419.774 0.809394 0.00683391
420.135 0.806381 0.00668999
420.497 0.804464 0.0065747
420.858 0.811635 0.0065122
421.219 0.821645 0.0065351
421.58 0.815977 0.00656598
421.941 0.815627 0.00664487
422.302 0.818196 0.00679267
422.662 0.818822 0.00683119
423.023 0.818679 0.00686745
423.384 0.805829 0.00684035
423.745 0.815447 0.00685759
424.106 0.810453 0.00683713
424.466 0.806334 0.00676377
424.827 0.811581 0.00684057
425.187 0.817936 0.00700079
425.548 0.822376 0.00710668
425.909 0.802596 0.00704332
426.269 0.806284 0.00701254
426.63 0.809297 0.00699942
426.99 0.813165 0.00693344
427.35 0.806208 0.00693306
427.711 0.809172 0.00694121
428.071 0.807925 0.00687092
428.431 0.793688 0.00670083
428.792 0.804487 0.00653365
429.152 0.808478 0.00635609
429.512 0.821026 0.00636701
429.872 0.814089 0.00635452
430.232 0.809617 0.00640126
430.592 0.819311 0.0066281
430.952 0.817483 0.00681801
431.312 0.812299 0.0069467
431.672 0.813763 0.00709484
432.032 0.809633 0.0070836
432.392 0.805794 0.00701493
432.752 0.788604 0.00662694
433.111 0.805524 0.00649966
433.471 0.824752 0.00661174
433.831 0.822755 0.00687021
434.19 0.812814 0.00685352
434.55 0.80705 0.00681716
434.91 0.812234 0.00693105
435.269 0.806253 0.00684556
435.629 0.808562 0.00682252
435.988 0.816483 0.00683176
436.348 0.809384 0.00684323
436.707 0.810903 0.00697407
437.066 0.805688 0.00695986
437.426 0.806915 0.00692938
437.785 0.803823 0.00687194
438.144 0.81242 0.00689631
438.503 0.810907 0.00695519
438.862 0.816302 0.00700211
439.222 0.803648 0.00698126
439.581 0.81049 0.00707508
439.94 0.812124 0.0070569
440.299 0.805175 0.00678332
440.658 0.79769 0.00652184
441.017 0.81062 0.0065481
441.376 0.814898 0.00662179
441.734 0.810196 0.0066915
442.093 0.803288 0.00668213
442.452 0.789581 0.00658278
442.811 0.804997 0.00659411
443.169 0.805815 0.00661719
443.528 0.811452 0.00673854
443.887 0.806686 0.00674625
444.245 0.810873 0.00676547
444.604 0.809429 0.00684911
444.962 0.804665 0.00687525
445.321 0.804924 0.0068648
445.679 0.802519 0.00682568
446.038 0.807853 0.0068175
446.396 0.808832 0.00688848
446.754 0.805899 0.00697998
447.112 0.813725 0.00703376
447.471 0.803011 0.00705242
447.829 0.806188 0.00709656
448.187 0.802226 0.00705346
448.545 0.808845 0.00707208
448.903 0.808344 0.00708418
449.261 0.805462 0.00709128
449.619 0.812093 0.00717486
449.977 0.805602 0.00716179
450.335 0.807162 0.00724489
450.693 0.79816 0.00723796
451.051 0.81585 0.00734077
451.409 0.799281 0.00724212
451.766 0.820531 0.0073933
452.124 0.815633 0.00745371
452.482 0.806641 0.00746751
452.839 0.79599 0.00746628
453.197 0.812361 0.00763398
453.555 0.800071 0.00758851
453.912 0.813372 0.00769518
454.27 0.786345 0.00740061
454.627 0.808033 0.00744244
454.984 0.805257 0.00739093
455.342 0.81393 0.00753794
455.699 0.80559 0.00756375
456.056 0.804755 0.00757388
456.414 0.800592 0.0074558
456.771 0.808095 0.0074135
457.128 0.805169 0.00735049
457.485 0.800677 0.00725252
457.842 0.803199 0.00730735
458.199 0.80402 0.00732523
458.556 0.798492 0.00723168
458.913 0.799813 0.00725988
459.27 0.808316 0.00723794
459.627 0.809505 0.00731163
459.984 0.801613 0.00724692
460.341 0.805094 0.00728063
460.697 0.819425 0.00742126
461.054 0.824207 0.0076227
461.411 0.809006 0.00771675
461.767 0.810775 0.00782021
462.124 0.811009 0.00786863
462.481 0.797864 0.00768331
462.837 0.797743 0.00757838
463.194 0.804093 0.00743893
463.55 0.79784 0.0074495
463.907 0.791265 0.00724264
464.263 0.803916 0.00719723
464.619 0.800443 0.00707235
464.976 0.800896 0.00694528
465.332 0.811598 0.00697024
465.688 0.808292 0.00708209
466.044 0.806917 0.00736181
466.4 0.817929 0.00758172
466.756 0.80755 0.00759796
467.112 0.805338 0.00756223
467.468 0.810557 0.00762197
467.824 0.801672 0.00756836
468.18 0.802507 0.00770119
468.536 0.812185 0.00778624
468.892 0.808151 0.00784485
469.248 0.801823 0.00785006
469.604 0.806491 0.00794054
469.959 0.81136 0.00799957
470.315 0.802512 0.00791548
470.671 0.80357 0.00793045
471.026 0.798716 0.00784499
471.382 0.801787 0.00779749
471.737 0.804346 0.00773226
472.093 0.800725 0.00761107
472.448 0.788413 0.00744167
472.804 0.799289 0.00736537
473.159 0.805917 0.00736431
473.514 0.807564 0.00737904
473.87 0.795872 0.00725296
474.225 0.793062 0.00704373
474.58 0.798981 0.00691448
474.935 0.806124 0.00695258
475.29 0.813372 0.00707445
475.645 0.803448 0.00707727
476 0.799818 0.00706253
476.355 0.810528 0.00717824
476.71 0.795236 0.00712989
477.065 0.797792 0.00700008
477.42 0.797379 0.00683992
477.775 0.813321 0.00691969
478.13 0.79193 0.00683373
478.485 0.804908 0.00688449
478.839 0.79933 0.00681995
479.194 0.802734 0.00666362
479.549 0.795097 0.00649125
479.903 0.80523 0.00654268
480.258 0.802545 0.00663181
480.612 0.79834 0.00650511
480.967 0.79658 0.00636904
481.321 0.807079 0.00637359
481.675 0.812795 0.0065109
482.03 0.807323 0.00662246
482.384 0.799427 0.00662026
482.738 0.805205 0.00660807
483.093 0.798353 0.00655448
483.447 0.788706 0.00635328
483.801 0.790197 0.0061972
484.155 0.796307 0.00612716
484.509 0.735807 0.00547189
484.863 0.69427 0.00356894
485.217 0.797467 0.00335329
485.571 0.83088 0.00338606
485.925 0.891029 0.00427177
486.279 0.825196 0.00489855
486.632 0.815347 0.0053179
486.986 0.824889 0.00580663
487.34 0.81797 0.0062104
487.694 0.804467 0.00637797
488.047 0.798721 0.00643033
488.401 0.804022 0.00644411
488.754 0.804027 0.00648444
489.108 0.803441 0.00657149
489.461 0.808142 0.00665815
489.815 0.803087 0.00671498
490.168 0.797068 0.0066108
490.522 0.799037 0.00659687
490.875 0.803498 0.00662392
491.228 0.797831 0.0066333
491.581 0.789521 0.00655777
491.935 0.804729 0.00663834
492.288 0.798875 0.00663547
492.641 0.80288 0.00661424
492.994 0.796249 0.00656817
493.347 0.795316 0.00652429
493.7 0.792961 0.00648037
494.053 0.797606 0.00652061
494.406 0.808522 0.00665183
494.759 0.804484 0.00678979
495.111 0.789228 0.00656563
495.464 0.784836 0.00626867
495.817 0.789468 0.00610657
496.169 0.818053 0.00638623
496.522 0.808596 0.00659708
496.875 0.80538 0.00683187
497.227 0.795155 0.00683838
497.58 0.795164 0.0068817
497.932 0.802918 0.00685556
498.285 0.792636 0.0067637
498.637 0.786737 0.00658252
498.989 0.794203 0.00651833
499.342 0.798624 0.00653961
499.694 0.800987 0.006681
500.046 0.798341 0.00678916
500.398 0.787588 0.00658263
500.751 0.795536 0.00650163
501.103 0.790994 0.00649963
501.455 0.794338 0.00650049
501.807 0.79028 0.00649508
502.159 0.796518 0.00652138
502.511 0.800834 0.00654961
502.862 0.802778 0.00657209
503.214 0.813576 0.00670065
503.566 0.8031 0.00677824
503.918 0.805293 0.00687697
504.27 0.79251 0.00680316
504.621 0.79642 0.00682516
504.973 0.802857 0.00691963
505.324 0.796645 0.00686916
505.676 0.792112 0.00672902
506.027 0.797987 0.00672277
506.379 0.808724 0.00698152
506.73 0.803398 0.00711089
507.082 0.792159 0.00699819
507.433 0.797441 0.00691858
507.784 0.808451 0.00691835
508.136 0.806809 0.00699986
508.487 0.800959 0.00700515
508.838 0.791138 0.00705951
509.189 0.803824 0.00712042
509.54 0.796591 0.00700745
509.891 0.803122 0.00710929
510.242 0.794016 0.00704549
510.593 0.799457 0.00711693
510.944 0.800386 0.00717286
511.295 0.803679 0.00729513
511.646 0.802502 0.00741603
511.996 0.79866 0.00735926
512.347 0.796005 0.0072922
512.698 0.806706 0.00732458
513.049 0.80135 0.0073144
513.399 0.799085 0.00740544
513.75 0.797856 0.00736578
514.1 0.796282 0.00742447
514.451 0.802982 0.00764692
514.801 0.805779 0.00771725
515.152 0.795238 0.00756865
515.502 0.785681 0.00738607
515.852 0.798152 0.00737838
516.202 0.797431 0.0073714
516.553 0.812048 0.00752182
516.903 0.804688 0.0075989
517.253 0.809202 0.00774733
517.603 0.79603 0.00773517
517.953 0.785829 0.0076005
518.303 0.789182 0.00749259
518.653 0.792004 0.00739272
519.003 0.799295 0.00749277
519.353 0.810293 0.00778815
519.703 0.811028 0.00802163
520.052 0.790421 0.00793149
520.402 0.797169 0.00794536
520.752 0.802701 0.00788569
521.102 0.795302 0.00787771
521.451 0.797932 0.00801182
521.801 0.799792 0.0079994
522.15 0.792859 0.00791306
522.5 0.795102 0.00782783
522.849 0.793491 0.00784073
523.199 0.794054 0.00774097
523.548 0.809979 0.0077987
523.897 0.7964 0.00771819
524.246 0.810508 0.00794461
524.596 0.812225 0.00808373
524.945 0.799361 0.00796397
525.294 0.79201 0.00791953
525.643 0.796067 0.00794791
525.992 0.80167 0.00795816
526.341 0.789243 0.0078346
526.69 0.803122 0.00798324
527.039 0.800401 0.00804035
527.388 0.799045 0.00808077
527.737 0.784177 0.00779295
528.086 0.792179 0.007587
528.434 0.800726 0.00746953
528.783 0.810344 0.00761026
529.132 0.808401 0.00775885
529.48 0.79567 0.00782491
529.829 0.805424 0.00795667
530.177 0.807989 0.00801968
530.526 0.794146 0.0080036
530.874 0.795794 0.00792925
531.223 0.794884 0.00790774
531.571 0.788356 0.00787173
531.919 0.788907 0.00789557
532.268 0.785839 0.00767596
532.616 0.78904 0.00743449
532.964 0.793802 0.00731356
533.312 0.80771 0.00739646
533.66 0.797908 0.00734965
534.008 0.790459 0.00729011
534.356 0.799006 0.00731784
534.704 0.799333 0.00739233
535.052 0.7985 0.00745582
535.4 0.798069 0.00761101
535.748 0.80963 0.00787226
536.095 0.799129 0.00802072
536.443 0.79403 0.00803217
536.791 0.790693 0.00788582
537.139 0.786916 0.00767157
537.486 0.793777 0.00754832
537.834 0.796725 0.00748252
538.181 0.799126 0.00746447
538.529 0.793848 0.00744121
538.876 0.801299 0.00749073
539.223 0.805814 0.00759203
539.571 0.803727 0.00774306
539.918 0.787402 0.00765926
540.265 0.783732 0.00751031
540.613 0.791161 0.00743609
540.96 0.799056 0.00752413
541.307 0.794372 0.00752741
541.654 0.801108 0.00760651
542.001 0.796192 0.00752991
542.348 0.791577 0.00752204
542.695 0.7951 0.00754774
543.042 0.781961 0.00737727
543.388 0.796192 0.00736472
543.735 0.793302 0.00731885
544.082 0.796794 0.00733546
544.429 0.794776 0.00733355
544.775 0.805472 0.00753442
545.122 0.803081 0.00774215
545.469 0.799223 0.00788069
545.815 0.789023 0.0078208
546.162 0.791569 0.00777634
546.508 0.778187 0.00754891
546.854 0.787284 0.00738906
547.201 0.779414 0.00702513
547.547 0.795951 0.00702632
547.893 0.79977 0.0071516
548.24 0.8106 0.00751624
548.586 0.80595 0.00790788
548.932 0.796308 0.00797415
549.278 0.789096 0.0080268
549.624 0.790859 0.00792914
549.97 0.808612 0.00810506
550.316 0.814166 0.00831297
550.662 0.789759 0.00824513
551.008 0.775609 0.00790157
551.353 0.796465 0.00755672
551.699 0.782311 0.00720846
552.045 0.81206 0.00749885
552.391 0.799755 0.00763875
552.736 0.794405 0.00765561
553.082 0.793397 0.00768065
553.427 0.796391 0.00778093
553.773 0.807209 0.00810434
554.118 0.790394 0.00810503
554.464 0.785226 0.00786256
554.809 0.779826 0.00755631
555.154 0.78849 0.0074178
555.5 0.802853 0.0075362
555.845 0.80395 0.00775566
556.19 0.794773 0.0078889
556.535 0.801234 0.008144
556.88 0.785575 0.00800076
557.225 0.794995 0.00799368
557.57 0.798998 0.00810605
557.915 0.8163 0.00844144
558.26 0.790893 0.00839803
558.605 0.792379 0.00843446
558.95 0.779435 0.0082303
559.295 0.778179 0.00782216
559.639 0.786388 0.00753417
559.984 0.784231 0.00726226
560.329 0.796404 0.00723555
560.673 0.802601 0.00728156
561.018 0.80631 0.00747581
561.362 0.809449 0.00766452
561.707 0.798507 0.00781302
562.051 0.780701 0.0076607
562.395 0.789757 0.00767551
562.74 0.792518 0.00751498
563.084 0.7861 0.0073676
563.428 0.776661 0.0071584
563.772 0.792332 0.00726056
564.117 0.782635 0.00716562
564.461 0.793943 0.00718306
564.805 0.791144 0.00724722
565.149 0.788294 0.00720661
565.493 0.790743 0.00719642
565.836 0.782224 0.0070558
566.18 0.784158 0.00698283
566.524 0.766737 0.0064874
566.868 0.787391 0.00634893
567.212 0.794381 0.00625649
567.555 0.783251 0.00613674
567.899 0.773209 0.0058563
568.242 0.776856 0.00562059
568.586 0.772388 0.00527747
568.929 0.764546 0.00491226
569.273 0.776708 0.00466103
569.616 0.784162 0.00462482
569.96 0.778251 0.00454811
570.303 0.783348 0.00442604
570.646 0.781099 0.00435233
570.989 0.776229 0.00421997
571.333 0.792828 0.00426191
571.676 0.799738 0.00440449
572.019 0.806393 0.00479266
572.362 0.763392 0.004529
572.705 0.762561 0.00420062
573.048 0.778118 0.00400895
573.391 0.779369 0.00388244
573.733 0.781293 0.00380065
574.076 0.780611 0.00375701
574.419 0.799859 0.00386059
574.762 0.796607 0.00405626
575.104 0.806973 0.00434975
575.447 0.773196 0.00432563
575.789 0.765502 0.00407783
576.132 0.774712 0.00382965
576.474 0.780452 0.00381978
576.817 0.768237 0.00352881
577.159 0.782579 0.00336015
577.501 0.805727 0.00336688
577.844 0.821412 0.00358553
578.186 0.822358 0.00399942
578.528 0.789371 0.00416205
578.87 0.784808 0.00417293
579.212 0.769095 0.00404755
579.554 0.781238 0.00391229
579.896 0.786897 0.00395564
580.238 0.765612 0.00376531
580.58 0.762246 0.0032971
580.922 0.825606 0.00330071
581.264 0.899795 0.00344573
581.606 0.828645 0.00332766
581.947 0.818445 0.00349751
582.289 0.825483 0.00386118
582.631 0.816761 0.0042692
582.972 0.79353 0.00453017
583.314 0.782692 0.00451839
583.655 0.77672 0.00440741
583.997 0.755847 0.0040072
584.338 0.766607 0.00371659
584.679 0.775753 0.00356747
585.021 0.804275 0.00365932
585.362 0.805457 0.00391935
585.703 0.80596 0.00421325
586.044 0.769745 0.00423099
586.385 0.7663 0.00401595
586.726 0.772725 0.0038349
587.067 0.808828 0.00399655
587.408 0.80138 0.0042113
587.749 0.799418 0.00440437
588.09 0.796824 0.00459057
588.431 0.803313 0.004846
588.772 0.790877 0.00506066
589.113 0.782162 0.00498069
589.453 0.790118 0.00498246
589.794 0.798961 0.00511435
590.134 0.799679 0.00537253
590.475 0.783961 0.00549143
590.815 0.773209 0.00544237
591.156 0.78986 0.00549027
591.496 0.766536 0.00535776
591.837 0.736052 0.00455397
592.177 0.761657 0.00418616
592.517 0.77719 0.0039655
592.857 0.804911 0.00418997
593.198 0.809271 0.00444802
593.538 0.809294 0.00487806
593.878 0.789045 0.00507265
594.218 0.768385 0.0049065
594.558 0.773696 0.00470957
594.898 0.793246 0.00483296
595.237 0.807862 0.00513323
595.577 0.806831 0.005478
595.917 0.794857 0.00575216
596.257 0.770715 0.0055388
596.596 0.775092 0.00540227
596.936 0.785023 0.00526718
597.276 0.790815 0.00548462
597.615 0.776964 0.0054354
597.955 0.743273 0.00477505
598.294 0.772671 0.00446787
598.633 0.787099 0.0044597
598.973 0.802575 0.00467498
599.312 0.781661 0.00463799
599.651 0.787115 0.00464509
599.991 0.79292 0.00478513
600.33 0.796088 0.004846
600.669 0.79033 0.00497328
601.008 0.802279 0.00516055
601.347 0.796473 0.00535817
601.686 0.777925 0.00519561
602.025 0.787873 0.00522782
602.364 0.768564 0.00495578
602.702 0.788197 0.00492457
603.041 0.783898 0.00488709
603.38 0.797525 0.00511112
603.719 0.802518 0.00538462
604.057 0.789991 0.00553353
604.396 0.779135 0.00550013
604.734 0.766372 0.00532486
605.073 0.765135 0.00485932
605.411 0.793831 0.00495204
605.75 0.795815 0.00505733
606.088 0.793222 0.00536571
606.426 0.777966 0.00525161
606.764 0.783262 0.00518079
607.103 0.789185 0.00526482
607.441 0.793453 0.00551362
607.779 0.789143 0.00565651
608.117 0.782777 0.00560606
608.455 0.799939 0.00583198
608.793 0.778788 0.00591182
609.131 0.760428 0.0055273
609.469 0.776538 0.00538121
609.806 0.792345 0.00541582
610.144 0.805793 0.00586101
610.482 0.781726 0.00594225
610.819 0.786084 0.00592393
611.157 0.785006 0.00594027
611.495 0.794655 0.00616995
611.832 0.795026 0.00624412
612.17 0.784065 0.00615653
612.507 0.784522 0.00607687
612.844 0.781235 0.0061123
613.182 0.787386 0.00616904
613.519 0.777318 0.00609461
613.856 0.783824 0.00608078
614.193 0.77286 0.00601746
614.53 0.779173 0.00589897
614.867 0.780868 0.00582458
615.205 0.808283 0.00622872
615.541 0.792777 0.00636191
615.878 0.783181 0.00662547
616.215 0.779003 0.00661563
616.552 0.785908 0.00667873
616.889 0.774639 0.00653232
617.226 0.781092 0.00644008
617.562 0.788442 0.00658483
617.899 0.801088 0.00703799
618.235 0.80841 0.00746514
618.572 0.786104 0.0076821
618.908 0.770613 0.00746615
619.245 0.775521 0.00716067
619.581 0.776608 0.00697545
619.918 0.809544 0.00751086
620.254 0.816429 0.00851068
620.59 0.779281 0.00868978
620.926 0.762422 0.00813464
621.262 0.77151 0.00773416
621.599 0.796939 0.00771641
621.935 0.780005 0.00766839
622.271 0.77698 0.00737388
622.606 0.769627 0.00712054
622.942 0.79591 0.00732951
623.278 0.798511 0.00762705
623.614 0.762877 0.00716993
623.95 0.785392 0.00715866
624.285 0.783505 0.00723283
624.621 0.805689 0.00772162
624.957 0.786987 0.00791418
625.292 0.787304 0.00809237
625.628 0.801054 0.00847884
625.963 0.783333 0.0084933
626.299 0.770023 0.00827114
626.634 0.773893 0.0081477
626.969 0.798355 0.00837137
627.304 0.809154 0.00897519
627.64 0.788923 0.00956796
627.975 0.774767 0.00952581
628.31 0.763936 0.00901609
628.645 0.779573 0.00874807
628.98 0.792381 0.00896913
629.315 0.788087 0.00905988
629.65 0.772317 0.00905641
629.985 0.776615 0.00909048
630.319 0.799836 0.00959523
630.654 0.773434 0.00960361
630.989 0.781793 0.00959389
631.323 0.784731 0.00979903
631.658 0.793382 0.0101391
631.993 0.796484 0.0106306
632.327 0.773928 0.0105727
632.662 0.779717 0.0105903
632.996 0.788171 0.0105042
633.33 0.796646 0.0104632
633.665 0.805153 0.0107013
633.999 0.798778 0.0109521
634.333 0.785032 0.0109994
634.667 0.785187 0.0110079
635.001 0.773972 0.0106205
635.335 0.766422 0.0102464
635.669 0.766281 0.00983064
636.003 0.786514 0.0099643
636.337 0.791503 0.0103895
636.671 0.788789 0.0108803
637.005 0.787551 0.0113281
637.339 0.772946 0.0112603
637.672 0.776842 0.0109967
638.006 0.792555 0.0108218
638.339 0.800671 0.0108557
638.673 0.797754 0.0112124
639.006 0.791823 0.0114373
639.34 0.786012 0.0115139
639.673 0.789488 0.0116526
640.007 0.779428 0.0115942
640.34 0.784505 0.0117421
640.673 0.791127 0.012046
641.006 0.811478 0.0123289
641.34 0.792728 0.0122807
641.673 0.798514 0.0126238
642.006 0.776817 0.0126838
642.339 0.783384 0.0125903
642.672 0.785127 0.012492
643.004 0.790447 0.0125879
643.337 0.787986 0.0128374
643.67 0.784925 0.012934
644.003 0.765288 0.012554
644.336 0.801371 0.0129238
644.668 0.78623 0.0128375
645.001 0.789969 0.0130257
645.333 0.809926 0.0133855
645.666 0.807248 0.0137429
645.998 0.807328 0.0140874
646.331 0.792701 0.0139654
646.663 0.776208 0.0137996
646.995 0.747273 0.0128725
647.327 0.776941 0.0122712
647.66 0.770999 0.0113511
647.992 0.780756 0.0111247
648.324 0.775621 0.0109889
648.656 0.790293 0.0112325
648.988 0.802449 0.0116828
649.32 0.802745 0.0123449
649.652 0.800257 0.0130618
649.983 0.804105 0.0134411
650.315 0.803182 0.0136307
650.647 0.770433 0.0131276
650.979 0.763965 0.0125231
651.31 0.771772 0.0121217
651.642 0.773031 0.0116889
651.973 0.789766 0.011774
652.305 0.785154 0.0117313
652.636 0.780774 0.0117539
652.967 0.802571 0.0122494
653.299 0.779695 0.0122873
653.63 0.773086 0.0122937
653.961 0.766138 0.0116524
654.292 0.689716 0.00924114
654.623 0.479031 0.00319523
654.955 0.899019 0.00343134
655.286 0.898964 0.00343113
655.616 0.898908 0.00343092
655.947 0.898851 0.0034307
656.278 0.898793 0.00343048
656.609 0.898735 0.00343026
656.94 0.818238 0.00411624
657.27 0.781111 0.00476533
657.601 0.785026 0.00547438
657.932 0.825048 0.00667484
658.262 0.857745 0.00830834
658.593 0.861088 0.0101612
658.923 0.853154 0.0120913
659.254 0.827692 0.0132662
659.584 0.816874 0.0141577
659.914 0.790323 0.0145699
660.244 0.783364 0.015
660.575 0.790386 0.0151604
660.905 0.780844 0.0150708
661.235 0.797681 0.0150319
661.565 0.790354 0.014786
661.895 0.801271 0.0148495
662.225 0.797235 0.015025
662.555 0.787984 0.0150687
662.884 0.786344 0.0150418
663.214 0.777017 0.0146683
663.544 0.786217 0.0145568
663.873 0.804032 0.0146997
664.203 0.767033 0.0139241
664.533 0.792869 0.0140449
664.862 0.781519 0.0137416
665.192 0.792283 0.0140818
665.521 0.79295 0.0147078
665.85 0.78522 0.0152749
666.18 0.790256 0.0158924
666.509 0.774367 0.0156712
666.838 0.777964 0.01564
667.167 0.793177 0.0155305
667.496 0.799834 0.0156791
667.825 0.782486 0.0154275
668.154 0.783431 0.0154844
668.483 0.79148 0.0155898
668.812 0.783547 0.0151761
669.141 0.78513 0.0150581
669.47 0.789256 0.0147343
669.798 0.785819 0.0148098
670.127 0.811148 0.015402
670.456 0.752773 0.0142428
670.784 0.758737 0.0128845
671.113 0.779818 0.0119119
671.441 0.772047 0.0110561
671.77 0.787705 0.0112249
672.098 0.79748 0.0117015
672.426 0.826843 0.013047
672.755 0.789047 0.0136542
673.083 0.803899 0.014211
673.411 0.777896 0.0140933
673.739 0.799314 0.0143782
674.067 0.785904 0.0147084
674.395 0.806471 0.0152723
674.723 0.772351 0.0145277
675.051 0.780579 0.0144442
675.379 0.783559 0.014524
675.706 0.800607 0.0146627
676.034 0.782486 0.0147875
676.362 0.788642 0.0151086
676.689 0.766209 0.0141385
677.017 0.752566 0.0129752
677.344 0.765317 0.0125215
677.672 0.785699 0.0127097
677.999 0.797681 0.0131949
678.327 0.776117 0.0128068
678.654 0.758744 0.0119951
678.981 0.780042 0.0118226
679.308 0.791831 0.0118481
679.636 0.798521 0.0123385
679.963 0.800652 0.0129618
680.29 0.785205 0.0132212
680.617 0.785011 0.0129854
680.944 0.777945 0.0126757
681.271 0.792156 0.0128462
681.597 0.800356 0.0136646
681.924 0.800911 0.0146119
682.251 0.790716 0.0148992
682.578 0.767251 0.0140221
682.904 0.764721 0.0131126
683.231 0.776358 0.0126098
683.557 0.776592 0.0122665
683.884 0.778419 0.0120077
684.21 0.765003 0.0115312
684.536 0.767377 0.01115
684.863 0.779741 0.0111029
685.189 0.780499 0.0111422
685.515 0.796496 0.0117478
685.841 0.789973 0.0121812
686.167 0.762622 0.012149
686.493 0.772813 0.0119513
686.819 0.795157 0.0121885
687.145 0.790978 0.0125782
687.471 0.80303 0.0135738
687.797 0.798564 0.0142217
688.123 0.772911 0.0138664
688.448 0.767421 0.0136035
688.774 0.770343 0.013095
689.1 0.792866 0.013424
689.425 0.80201 0.0139807
689.751 0.790892 0.0141666
690.076 0.771518 0.013511
690.402 0.766289 0.0125374
690.727 0.767466 0.0121011
691.052 0.798578 0.0124837
691.377 0.798136 0.0129386
691.703 0.806578 0.0132722
692.028 0.805395 0.013474
692.353 0.785102 0.0129207
692.678 0.770368 0.0127918
693.003 0.781406 0.0130686
693.328 0.80862 0.0144184
693.652 0.795052 0.0151612
693.977 0.767666 0.0147621
694.302 0.769567 0.0140567
694.627 0.767867 0.0135267
694.951 0.801528 0.0142572
695.276 0.809256 0.0154645
695.6 0.785712 0.0159551
695.925 0.750876 0.0141901
696.249 0.754397 0.0124503
696.574 0.75594 0.0114887
696.898 0.804282 0.0121144
697.222 0.786338 0.0126404
697.546 0.789342 0.0132246
697.871 0.762708 0.0134142
698.195 0.791661 0.013821
698.519 0.791744 0.014088
698.843 0.784673 0.0143563
699.167 0.793802 0.0149822
699.491 0.793683 0.0155126
699.814 0.797028 0.0159205
700.138 0.778526 0.0156969
700.462 0.780939 0.01586
700.786 0.773588 0.0158083
701.109 0.765481 0.0153753
701.433 0.743679 0.014523
701.756 0.768446 0.0142939
702.08 0.784906 0.014354
702.403 0.778285 0.0144194
702.726 0.803023 0.0152462
703.05 0.794388 0.015674
703.373 0.793885 0.0159833
703.696 0.774573 0.0157649
704.019 0.810007 0.0166179
704.342 0.799878 0.0170221
704.665 0.792744 0.0175756
704.988 0.791117 0.0177617
705.311 0.763618 0.0166483
705.634 0.752204 0.0150952
705.957 0.763051 0.0135916
706.28 0.748758 0.0124107
706.602 0.782645 0.0122859
706.925 0.780337 0.0123827
707.247 0.795207 0.0129728
707.57 0.788114 0.0135268
707.892 0.778398 0.013772
708.215 0.788399 0.0144912
708.537 0.780479 0.01501
708.859 0.794386 0.0154371
709.182 0.786653 0.0152773
709.504 0.760635 0.0144802
709.826 0.776072 0.0143246
710.148 0.795038 0.0145997
710.47 0.779261 0.0148186
710.792 0.783732 0.0153132
711.114 0.796287 0.0159004
711.436 0.787032 0.0163574
711.758 0.776559 0.016046
712.079 0.759724 0.0156723
712.401 0.760526 0.0151747
712.723 0.752235 0.0143504
713.044 0.763865 0.013776
713.366 0.769007 0.0134535
713.687 0.780102 0.0135027
714.009 0.784355 0.0140126
714.33 0.767282 0.0141031
714.652 0.800131 0.014834
714.973 0.781428 0.0151303
715.294 0.779091 0.0157937
715.615 0.798562 0.0169706
715.936 0.789112 0.0173095
716.257 0.789193 0.0176103
716.578 0.804542 0.0178886
716.899 0.793053 0.0175204
717.22 0.769512 0.0161034
717.541 0.775297 0.0157364
717.862 0.768595 0.0153088
718.182 0.774967 0.0156094
718.503 0.786235 0.0153059
718.824 0.779874 0.0154424
719.144 0.789917 0.0157266
719.465 0.800318 0.0162646
719.785 0.770834 0.0158345
720.105 0.767743 0.0153592
720.426 0.773925 0.0152833
720.746 0.796389 0.0157252
721.066 0.779424 0.0156293
721.386 0.776186 0.0157796
721.706 0.783865 0.0162877
722.026 0.796402 0.0166118
722.346 0.779599 0.0167361
722.666 0.769914 0.0165071
722.986 0.773466 0.016198
723.306 0.803294 0.0165633
723.626 0.789246 0.0167246
723.946 0.774769 0.0165922
724.265 0.753317 0.0156867
724.585 0.764753 0.0149946
724.904 0.768625 0.0146076
725.224 0.798706 0.0150219
725.543 0.765262 0.014683
725.863 0.778419 0.0148291
726.182 0.797049 0.0153836
726.501 0.787155 0.0158995
726.82 0.805893 0.0162214
727.14 0.755168 0.0151278
727.459 0.771478 0.0149516
727.778 0.778469 0.0147844
728.097 0.784735 0.0150475
728.416 0.766321 0.014678
728.734 0.761883 0.0142905
729.053 0.782124 0.0142457
729.372 0.791022 0.0143169
729.691 0.753453 0.0136924
730.009 0.754633 0.0129594
730.328 0.761088 0.0126047
730.647 0.775637 0.0126747
730.965 0.784904 0.0130607
731.283 0.792418 0.0136413
731.602 0.78652 0.0139432
731.92 0.774875 0.0137344
732.238 0.764639 0.0132808
732.557 0.756903 0.0128746
732.875 0.772002 0.0129479
733.193 0.761697 0.0121711
733.511 0.769393 0.011766
733.829 0.776782 0.0119274
734.147 0.787775 0.0127569
734.465 0.791454 0.0135395
734.782 0.761664 0.0132752
735.1 0.76346 0.0131216
735.418 0.776653 0.0131015
735.735 0.755614 0.0128385
736.053 0.777468 0.013102
736.371 0.756755 0.0128803
736.688 0.776112 0.0134139
737.005 0.791623 0.0143575
737.323 0.820901 0.0153471
737.64 0.773775 0.0151123
737.957 0.743743 0.0143225
738.274 0.749764 0.0130982
738.592 0.775019 0.0127285
738.909 0.779373 0.0129152
739.226 0.811278 0.0142818
739.543 0.799293 0.0153034
739.86 0.762605 0.0156655
740.176 0.789932 0.0166115
740.493 0.799703 0.0174742
740.81 0.786059 0.0175842
741.127 0.756138 0.0168564
741.443 0.757164 0.016334
741.76 0.76708 0.0156627
742.076 0.783426 0.0157428
742.393 0.780767 0.0162662
742.709 0.793981 0.0173699
743.025 0.79298 0.0180689
743.342 0.782853 0.0177589
743.658 0.770685 0.0173517
743.974 0.771253 0.017002
744.29 0.780516 0.016788
744.606 0.794131 0.0172545
744.922 0.787261 0.0173292
745.238 0.799477 0.0174832
745.554 0.791017 0.0176804
745.87 0.780796 0.0177274
746.186 0.798092 0.0174924
746.501 0.776795 0.0166335
746.817 0.775769 0.0164904
747.132 0.805695 0.0178094
747.448 0.79665 0.0186412
747.763 0.773522 0.0184702
748.079 0.763435 0.0177054
748.394 0.775042 0.0165749
748.71 0.765099 0.0153745
749.025 0.751136 0.0141881
749.34 0.779406 0.0141436
749.655 0.789139 0.0143228
749.97 0.796065 0.0149563
750.285 0.780568 0.0150209
750.6 0.777646 0.0148352
750.915 0.760812 0.0141251
751.23 0.76849 0.0143274
751.545 0.765446 0.0147179
751.859 0.788959 0.015675
752.174 0.807118 0.0164348
752.489 0.756381 0.015092
752.803 0.767672 0.0143616
753.118 0.777643 0.0141487
753.432 0.786827 0.0145339
753.747 0.785788 0.0151741
754.061 0.770173 0.0147444
754.375 0.755242 0.0139596
754.689 0.769686 0.0136837
755.004 0.762474 0.0133819
755.318 0.775591 0.0133268
755.632 0.759008 0.0126508
755.946 0.775077 0.0124507
756.26 0.75468 0.0118628
756.573 0.749742 0.0111566
756.887 0.7529 0.0108508
757.201 0.779118 0.0110712
757.515 0.795538 0.0120965
757.828 0.79506 0.0130443
758.142 0.766969 0.0129663
758.455 0.733688 0.0119125
758.769 0.748621 0.0113633
759.082 0.769872 0.0113102
759.396 0.757426 0.0109632
759.709 0.763865 0.0109078
760.022 0.773493 0.010916
760.335 0.784846 0.0114842
760.648 0.798536 0.012326
760.962 0.777652 0.0130889
761.275 0.781527 0.0139243
761.587 0.774335 0.0141959
761.9 0.796428 0.0144997
762.213 0.745377 0.0136024
762.526 0.762141 0.0132505
762.839 0.757915 0.0131553
763.151 0.748115 0.0127463
763.464 0.738737 0.0120203
763.776 0.749112 0.0113188
764.089 0.747832 0.0108329
764.401 0.770501 0.0112906
764.714 0.770354 0.0118726
765.026 0.779421 0.0127218
765.338 0.781749 0.0135356
765.65 0.809701 0.0149104
765.962 0.77908 0.015405
766.275 0.768625 0.0159482
766.587 0.7752 0.0162283
766.898 0.739797 0.0154274
767.21 0.754845 0.0149194
767.522 0.751911 0.0137179
767.834 0.75208 0.0130497
768.146 0.774562 0.0132814
768.457 0.793684 0.0139649
768.769 0.774485 0.0145551
769.08 0.776897 0.0149457
769.392 0.739213 0.0141417
769.703 0.743353 0.0134409
770.015 0.755812 0.0129996
770.326 0.760299 0.0129436
770.637 0.797992 0.0136699
770.948 0.785082 0.0144841
771.26 0.794921 0.015596
771.571 0.767769 0.0155907
771.882 0.77062 0.0155954
772.193 0.758037 0.0151051
772.504 0.759719 0.015347
772.814 0.776444 0.0161335
773.125 0.779249 0.016409
773.436 0.798864 0.0169941
773.747 0.779261 0.0173455
774.057 0.778773 0.0178122
774.368 0.791745 0.0180251
774.678 0.782188 0.0183476
774.989 0.784277 0.0188929
775.299 0.78012 0.0193558
775.609 0.75253 0.0190214
775.919 0.769676 0.0190282
776.23 0.769308 0.0188021
776.54 0.79285 0.0193872
776.85 0.768279 0.0189227
777.16 0.767425 0.0187906
777.47 0.785818 0.0181783
777.78 0.772504 0.0169838
778.089 0.759848 0.0159108
778.399 0.779803 0.0160751
778.709 0.774011 0.0163409
779.019 0.806364 0.0176338
779.328 0.782711 0.0184908
779.638 0.769136 0.0184093
779.947 0.754122 0.0170827
780.257 0.738142 0.0152271
780.566 0.763931 0.0147626
780.875 0.761684 0.0147832
781.185 0.783217 0.0157544
781.494 0.783656 0.0163558
781.803 0.762968 0.0162427
782.112 0.75191 0.0165599
782.421 0.757074 0.0164991
782.73 0.760688 0.0162023
783.039 0.775973 0.0163945
783.348 0.793594 0.0174008
783.656 0.796167 0.0189507
783.965 0.736633 0.0184847
784.274 0.789427 0.0187253
784.582 0.752778 0.0176931
784.891 0.763659 0.0174844
785.199 0.761334 0.0175727
785.508 0.801931 0.0187448
785.816 0.773601 0.0187299
786.124 0.771207 0.0186811
786.432 0.761496 0.0174095
786.741 0.757142 0.016718
787.049 0.785095 0.0168176
787.357 0.768279 0.0165995
787.665 0.75635 0.0163907
787.973 0.759749 0.016588
788.281 0.789024 0.0174409
788.588 0.784509 0.0180969
788.896 0.788298 0.0192374
789.204 0.767996 0.0195845
789.511 0.776676 0.0200367
789.819 0.767016 0.0200048
790.126 0.780572 0.0203351
790.434 0.778346 0.0204567
790.741 0.797074 0.0208683
791.049 0.770693 0.0202555
791.356 0.789446 0.0210478
791.663 0.808734 0.0223893
791.97 0.752402 0.02116
792.277 0.84253 0.023122
792.584 0.779761 0.0206787
792.891 0.748722 0.0178101
793.198 0.758451 0.0164965
793.505 0.76301 0.0161067
793.812 0.770087 0.0163614
794.119 0.775982 0.0169111
794.425 0.758275 0.017034
794.732 0.796762 0.0182237
795.038 0.83964 0.020726
795.345 0.805894 0.0218416
795.651 0.791572 0.0228529
795.958 0.747027 0.0224866
796.264 0.763945 0.0218868
796.57 0.752415 0.0205022
796.876 0.775764 0.0202832
797.183 0.802914 0.0211351
797.489 0.808921 0.0220419
797.795 0.774567 0.0217688
798.101 0.819882 0.022659
798.406 0.783336 0.0219424
798.712 0.766883 0.021971
799.018 0.801684 0.0232595
799.324 0.766309 0.0229272
799.629 0.778147 0.0233285
799.935 0.780952 0.0234126
800.24 0.796563 0.0238144
800.546 0.76808 0.0231855
800.851 0.772287 0.0242444
801.157 0.783875 0.02476
801.462 0.805999 0.0254874
801.767 0.773175 0.0252369
802.072 0.766691 0.0241899
802.377 0.775314 0.0235065
802.682 0.773781 0.0228985
802.987 0.720974 0.0222063
803.292 0.822399 0.0250574
803.597 0.796239 0.025059
803.902 0.823931 0.0255832
804.207 0.791736 0.0243663
804.511 0.749614 0.0233011
804.816 0.730962 0.0223123
805.12 0.757946 0.0211199
805.425 0.755122 0.019789
805.729 0.804809 0.0203066
806.034 0.788797 0.0207233
806.338 0.735174 0.0207632
806.642 0.770197 0.0221324
806.946 0.761031 0.0219455
807.251 0.78441 0.022289
807.555 0.775421 0.0220787
807.859 0.766329 0.0217752
808.162 0.757355 0.0217483
808.466 0.804798 0.0232948
808.77 0.788844 0.0235717
809.074 0.79043 0.0241466
809.378 0.795683 0.0247331
809.681 0.806229 0.0253734
809.985 0.795226 0.0250622
810.288 0.796635 0.0247223
810.592 0.82459 0.0260094
810.895 0.778811 0.0254208
811.198 0.74517 0.0253244
811.502 0.816237 0.0282317
811.805 0.798953 0.0274765
812.108 0.792097 0.0280091
812.411 0.791881 0.0266526
812.714 0.750564 0.0235104
813.017 0.773921 0.0225934
813.32 0.772438 0.0225231
813.623 0.754602 0.0225091
813.926 0.806965 0.0254893
814.228 0.786321 0.0261906
814.531 0.7939 0.0270956
814.833 0.758847 0.0267766
815.136 0.756253 0.026789
815.438 0.811004 0.0283492
815.741 0.832388 0.0283626
816.043 0.854357 0.0283153
816.345 0.763996 0.0257717
816.648 0.808322 0.0267153
816.95 0.785379 0.0266997
817.252 0.824238 0.0280024
817.554 0.778177 0.0272771
817.856 0.80159 0.0283048
818.158 0.799184 0.0289856
818.46 0.848625 0.0305637
818.761 0.804738 0.0291978
819.063 0.81923 0.0294189
819.365 0.824967 0.0291302
819.666 0.77571 0.026624
819.968 0.786931 0.0259443
820.269 0.771117 0.0246284
820.571 0.783039 0.0254976
820.872 0.802668 0.0267184
821.173 0.822305 0.0281858
821.475 0.771306 0.0278608
821.776 0.807295 0.0287813
822.077 0.794492 0.0286983
822.378 0.757289 0.0275174
822.679 0.797035 0.0289833
822.98 0.865775 0.0307341
823.281 0.848766 0.0310155
823.581 0.813548 0.0301643
823.882 0.82352 0.0309708
824.183 0.846022 0.0305936
824.483 0.827428 0.0296377
824.784 0.759477 0.0267989
825.084 0.764485 0.0271674
825.385 0.765426 0.0267559
825.685 0.794034 0.028268
825.985 0.827556 0.0296747
826.286 0.821363 0.0294204
826.586 0.825125 0.0284814
826.886 0.848042 0.0287177
827.186 0.760162 0.0268326
827.486 0.806499 0.0287118
827.786 0.824946 0.0300657
828.086 0.847595 0.0308449
828.386 0.815972 0.0292169
828.685 0.819585 0.029272
828.985 0.824969 0.030376
829.285 0.836853 0.0306962
829.584 0.808391 0.0303049
829.884 0.759252 0.0302885
830.183 0.759189 0.0305067
830.482 0.871762 0.0339606
830.782 0.812467 0.0330895
831.081 0.883672 0.0365079
831.38 0.867966 0.0354163
831.679 0.735075 0.0303393
831.978 0.797547 0.0315893
832.277 0.785595 0.0307628
832.576 0.884958 0.0330052
832.875 0.880414 0.0331767
833.174 0.794966 0.0308365
833.472 0.840319 0.0328202
833.771 0.855094 0.032379
834.07 0.772882 0.0301344
834.368 0.75368 0.0299318
834.667 0.801112 0.0314935
834.965 0.827177 0.0326326
835.263 0.820722 0.0327702
835.562 0.854919 0.0331339
835.86 0.853465 0.0331624
836.158 0.778597 0.0326439
836.456 0.83694 0.0354993
836.754 0.701323 0.0307347
837.052 0.810954 0.0339499
837.35 0.746061 0.0320727
837.648 0.815528 0.0351325
837.946 0.819439 0.0340025
838.243 0.881305 0.0362006
838.541 0.782897 0.0339056
838.839 0.838953 0.0336812
839.136 0.851681 0.0346055
839.434 0.858929 0.0346896
839.731 0.824844 0.0329497
840.028 0.879309 0.0362923
840.326 0.778976 0.0327252
840.623 0.882194 0.0357615
840.92 0.817711 0.0346304
841.217 0.907977 0.0380493
841.514 0.795169 0.0346592
841.811 0.861243 0.0354785
842.108 0.772582 0.0337839
842.405 0.78878 0.0344923
842.701 0.779136 0.033183
842.998 0.809059 0.035095
843.295 0.761793 0.0334761
843.591 0.848893 0.0361539
843.888 0.862125 0.036364
844.184 0.872094 0.0370849
844.481 0.82929 0.0352647
844.777 0.862528 0.0375951
845.073 0.918566 0.0382089
845.369 0.788923 0.0345926
845.665 0.789648 0.0355067
845.962 0.811471 0.0357178
846.258 0.832795 0.0368594
846.553 0.871121 0.0383434
846.849 0.829661 0.0361822
847.145 0.776451 0.034423
847.441 0.79008 0.0352244
847.737 0.909405 0.0388915
848.032 0.840068 0.0358519
848.328 0.875818 0.036647
848.623 0.988853 0.042667
848.919 0.897563 0.0384848
849.214 0.792924 0.0354915
849.509 0.884037 0.0383675
849.805 0.780773 0.0351885
850.1 0.860808 0.0376218
850.395 0.900981 0.0395061
850.69 0.859954 0.0383828
850.985 0.794661 0.0351328
851.28 0.874381 0.0375891
851.575 0.749752 0.0341666
851.869 0.800597 0.0354542
852.164 0.864933 0.0362998
852.459 0.764258 0.0327519
852.753 0.815301 0.0330961
853.048 0.739017 0.0308312
853.342 0.779299 0.030437
853.637 0.806457 0.0316345
853.931 0.822785 0.031943
854.225 0.832861 0.0324171
854.52 0.846485 0.0327515
854.814 0.868891 0.0340689
855.108 0.883108 0.0358824
855.402 0.841654 0.034198
855.696 0.883366 0.0358258
855.99 0.889831 0.0357238
856.283 0.844703 0.0346475
856.577 0.800531 0.0335467
856.871 0.754076 0.0322821
857.164 0.813825 0.0344835
857.458 0.838986 0.03588
857.751 0.825012 0.0346763
858.045 0.91789 0.0383695
858.338 0.769787 0.0336617
858.632 0.937462 0.038824
858.925 0.839373 0.0366252
859.218 0.794353 0.0358006
859.511 0.810373 0.0358075
859.804 0.84705 0.0375113
860.097 0.800528 0.0352167
860.39 0.788199 0.0359395
860.683 0.866575 0.0371948
860.976 0.892392 0.0389179
861.268 0.829879 0.0371457
861.561 0.801952 0.0364595
861.854 0.804402 0.036657
862.146 0.827256 0.0375878
862.439 0.761836 0.0352615
862.731 0.826301 0.0369227
863.023 0.774935 0.0349453
863.316 0.852177 0.0372446
863.608 0.768147 0.0335356
863.9 0.96033 0.041048
864.192 0.900671 0.0383001
864.484 0.947054 0.0400472
864.776 0.757821 0.0344532
865.068 0.847159 0.0381143
865.36 0.826318 0.0371129
865.651 0.854781 0.0378114
865.943 0.859927 0.0388456
866.235 0.812726 0.0370579
866.526 0.934088 0.0405398
866.818 0.836098 0.0380339
867.109 0.845616 0.0385351
867.4 0.829034 0.0369193
867.692 0.814593 0.0367763
867.983 0.727106 0.0346371
868.274 0.801741 0.0360298
868.565 0.833091 0.037142
868.856 0.881361 0.0389009
869.147 0.935496 0.0395786
869.438 0.890498 0.0406041
869.729 0.871779 0.0400113
870.02 0.933124 0.0409155
870.31 0.957345 0.041351
870.601 0.845464 0.0374411
870.892 0.888488 0.0393244
871.182 0.84937 0.0389828
871.473 0.812091 0.0369637
871.763 0.891164 0.0396862
872.053 0.792276 0.0369408
872.343 0.867982 0.0381215
872.634 0.901447 0.0406037
872.924 0.972871 0.0433004
873.214 0.883908 0.0394076
873.504 0.886219 0.0398491
873.794 0.876295 0.03909
874.084 0.901707 0.0392607
874.373 0.94895 0.0416094
874.663 0.869151 0.0384047
874.953 0.952219 0.0419362
875.242 0.930975 0.0408657
875.532 0.846655 0.0378322
875.821 0.959903 0.0417946
876.111 0.853301 0.0382592
876.4 0.806847 0.0364686
876.689 0.781089 0.0359999
876.978 0.921558 0.0400602
877.268 0.893022 0.0393505
877.557 0.817542 0.0376121
877.846 0.876571 0.039169
878.134 0.938138 0.0415683
878.423 0.93831 0.041576
878.712 0.938483 0.0415836
