178.41 0.699038 0.130213
178.791 0.703464 0.131037
179.172 0.707859 0.131856
179.553 1.17257 1.17257
179.934 0.303744 0.303744
180.316 0.512676 0.512676
180.697 0.319938 0.319938
181.078 0.730893 0.730893
181.459 0.218395 0.218395
181.84 0.823958 0.823958
182.221 1.93383 1.93383
182.602 -0.0946078 -0.0946078
182.983 0.264338 0.0655742
183.364 3.15997 0.582886
183.744 0.309474 0.0594484
184.125 0.514483 0.0647776
184.506 0.619094 0.0629407
184.887 0.634295 0.0734924
185.268 0.881701 0.0762157
185.648 0.407816 0.0375648
186.029 0.563114 0.0425128
186.41 0.519193 0.0384545
186.791 0.508613 0.0354178
187.171 0.57658 0.0347256
187.552 0.597919 0.0298665
187.932 0.525584 0.0255908
188.313 0.548857 0.0264584
188.694 0.50994 0.0238686
189.074 0.54909 0.024836
189.455 0.528202 0.0237129
189.835 0.586286 0.0248324
190.216 0.52169 0.022705
190.596 0.536748 0.0226767
190.977 0.539164 0.0221704
191.357 0.519071 0.0220528
191.737 0.520947 0.0218113
192.118 0.571654 0.0232081
192.498 0.572084 0.0223653
192.878 0.562752 0.0215934
193.258 0.550434 0.0216031
193.639 0.594545 0.0224788
194.019 0.589992 0.0220148
194.399 0.560624 0.0213785
194.779 0.593382 0.0219349
195.159 0.570708 0.0209038
195.54 0.565915 0.0206113
195.92 0.537235 0.0197908
196.3 0.584018 0.0206968
196.68 0.544536 0.0203588
197.06 0.555012 0.020184
197.44 0.540685 0.019619
197.82 0.539143 0.019462
198.2 0.506811 0.018742
198.58 0.51861 0.0183399
198.959 0.520788 0.0183393
199.339 0.532719 0.0183588
199.719 0.556271 0.0193003
200.099 0.518975 0.0179092
200.479 0.509963 0.0176517
200.858 0.512102 0.0174906
201.238 0.539469 0.0181699
201.618 0.524185 0.0176046
201.998 0.510832 0.0171288
202.377 0.491566 0.0166474
202.757 0.494932 0.0164195
203.136 0.528898 0.0171518
203.516 0.485027 0.0161918
203.896 0.460351 0.0152866
204.275 0.490413 0.015951
204.655 0.473627 0.0153731
205.034 0.486094 0.015495
205.414 0.473822 0.0148839
205.793 0.48063 0.0148803
206.172 0.450586 0.0142014
206.552 0.467815 0.0145346
206.931 0.446434 0.0139578
207.31 0.452489 0.0138749
207.69 0.442768 0.0134041
208.069 0.448798 0.0135901
208.448 0.446641 0.0133004
208.827 0.443866 0.0131523
209.207 0.427787 0.0126385
209.586 0.414306 0.0122613
209.965 0.433631 0.0125758
210.344 0.411108 0.0119822
210.723 0.41532 0.0118476
211.102 0.412033 0.0116115
211.481 0.435237 0.0118849
211.86 0.409075 0.0114317
212.239 0.408793 0.0111909
212.618 0.422447 0.011259
212.997 0.42233 0.011247
213.376 0.392101 0.0105537
213.755 0.382094 0.0102636
214.134 0.399107 0.0104415
214.513 0.409415 0.0104905
214.891 0.389471 0.00999051
215.27 0.389829 0.00992329
215.649 0.389454 0.00970677
216.028 0.396705 0.00972517
216.406 0.37282 0.00928092
216.785 0.39414 0.00947355
217.164 0.383031 0.00915214
217.542 0.37833 0.00894495
217.921 0.37819 0.00883628
218.3 0.386019 0.00893004
218.678 0.374633 0.00861169
219.057 0.387465 0.0086667
219.435 0.390372 0.00855751
219.814 0.384002 0.0083722
220.192 0.384693 0.00824709
220.57 0.381937 0.00809774
220.949 0.389461 0.00812189
221.327 0.382627 0.00787027
221.705 0.399489 0.00796328
222.084 0.394574 0.0077813
222.462 0.407018 0.00785674
222.84 0.409064 0.00775589
223.218 0.406398 0.00762288
223.597 0.408031 0.00748889
223.975 0.415125 0.00742286
224.353 0.405754 0.00722689
224.731 0.409088 0.00713672
225.109 0.430636 0.00727193
225.487 0.432728 0.00719847
225.865 0.435989 0.00711121
226.243 0.434338 0.0070013
226.621 0.432746 0.00687978
226.999 0.446449 0.00687366
227.377 0.45276 0.00683566
227.755 0.44318 0.00664301
228.133 0.452218 0.00662785
228.511 0.468492 0.00672467
228.889 0.471571 0.00661926
229.266 0.477208 0.00661252
229.644 0.483243 0.00651572
230.022 0.477758 0.00640865
230.4 0.494543 0.00645068
230.777 0.496665 0.00640088
231.155 0.502045 0.00636071
231.533 0.499277 0.00623305
231.91 0.50337 0.00617797
232.288 0.518163 0.00623531
232.665 0.521472 0.00618031
233.043 0.523144 0.0061192
233.42 0.529812 0.00612555
233.798 0.534394 0.00606884
234.175 0.53722 0.00602675
234.553 0.547331 0.0060514
234.93 0.558272 0.00603205
235.307 0.559848 0.00600198
235.685 0.560904 0.00592655
236.062 0.567195 0.00591877
236.439 0.563857 0.00585741
236.816 0.572306 0.00582765
237.194 0.572069 0.0057706
237.571 0.583256 0.00579335
237.948 0.588864 0.00578971
238.325 0.596601 0.00578162
238.702 0.588066 0.00568967
239.079 0.600876 0.00570156
239.456 0.597833 0.00564489
239.833 0.601698 0.00561788
240.21 0.609805 0.00562428
240.587 0.610322 0.00558256
240.964 0.619665 0.00559043
241.341 0.621692 0.00556237
241.718 0.621733 0.00551353
242.095 0.619566 0.00548133
242.472 0.620042 0.00543417
242.849 0.62944 0.00546754
243.225 0.630323 0.00540037
243.602 0.637087 0.00543006
243.979 0.644496 0.0054505
244.356 0.642849 0.00538902
244.732 0.637215 0.00531436
245.109 0.646413 0.005342
245.486 0.643527 0.00528631
245.862 0.654445 0.00532524
246.239 0.653442 0.00528721
246.615 0.65142 0.00524522
246.992 0.650365 0.00521226
247.368 0.650225 0.00518843
247.745 0.657339 0.00519013
248.121 0.652853 0.00512039
248.497 0.660964 0.00516624
248.874 0.664729 0.00515365
249.25 0.661051 0.00508735
249.626 0.664685 0.0050834
250.003 0.665354 0.00506295
250.379 0.67151 0.00505414
250.755 0.662438 0.00499895
251.131 0.669528 0.00499766
251.507 0.670724 0.00501363
251.884 0.673226 0.00497004
252.26 0.673906 0.00497145
252.636 0.670706 0.00492059
253.012 0.675653 0.0049208
253.388 0.678102 0.00490814
253.764 0.677644 0.00489102
254.14 0.679664 0.00488851
254.516 0.677827 0.00486688
254.892 0.675869 0.00485529
255.268 0.679897 0.0048484
255.643 0.678774 0.00483078
256.019 0.67885 0.00480174
256.395 0.685882 0.00483043
256.771 0.681259 0.00478732
257.147 0.685455 0.00479127
257.522 0.687756 0.00480424
257.898 0.685003 0.00477039
258.274 0.688141 0.00477797
258.649 0.685228 0.00475599
259.025 0.683154 0.00472635
259.4 0.683892 0.0047186
259.776 0.690107 0.0047386
260.151 0.693209 0.0047545
260.527 0.689498 0.00473386
260.902 0.687512 0.00470101
261.278 0.68577 0.00468619
261.653 0.684512 0.00468431
262.028 0.686831 0.00469269
262.404 0.692271 0.00470703
262.779 0.68857 0.00467629
263.154 0.690645 0.0046708
263.53 0.689193 0.0046479
263.905 0.694732 0.00467945
264.28 0.693246 0.00467884
264.655 0.697192 0.00467964
265.03 0.692557 0.00468221
265.405 0.69236 0.00466457
265.781 0.692789 0.00464972
266.156 0.696081 0.00468078
266.531 0.692801 0.00464201
266.906 0.689555 0.00463515
267.281 0.693204 0.00462639
267.655 0.693692 0.00466264
268.03 0.692566 0.00464238
268.405 0.698554 0.00467104
268.78 0.701484 0.00468652
269.155 0.687805 0.00461806
269.53 0.696686 0.00465019
269.904 0.694746 0.00464207
270.279 0.697692 0.00466907
270.654 0.691316 0.00462488
271.029 0.690821 0.00463626
271.403 0.697113 0.00465691
271.778 0.692152 0.00463541
272.152 0.691139 0.00463875
272.527 0.693717 0.00464308
272.901 0.701179 0.00465934
273.276 0.695628 0.00463225
273.65 0.695605 0.00462064
274.025 0.702101 0.0046722
274.399 0.700414 0.00466987
274.774 0.697639 0.0046416
275.148 0.693704 0.00461994
275.522 0.692796 0.00460468
275.897 0.69858 0.00464353
276.271 0.696765 0.00463992
276.645 0.695478 0.0046218
277.019 0.699734 0.00463909
277.393 0.696359 0.00461477
277.768 0.699287 0.00464244
278.142 0.693415 0.0046043
278.516 0.699054 0.00465856
278.89 0.700052 0.0046399
279.264 0.704381 0.00466894
279.638 0.697147 0.00462353
280.012 0.691948 0.00460074
280.386 0.696372 0.00464408
280.76 0.698703 0.00463445
281.133 0.699697 0.0046425
281.507 0.697605 0.00462867
281.881 0.69658 0.00462013
282.255 0.697894 0.00463485
282.629 0.70111 0.0046556
283.002 0.694799 0.00463263
283.376 0.69873 0.00464307
283.75 0.696679 0.00464877
284.123 0.699372 0.00464975
284.497 0.703158 0.00466945
284.87 0.703407 0.00467293
285.244 0.696531 0.00463483
285.618 0.703823 0.00466892
285.991 0.698246 0.00467109
286.364 0.699414 0.0046826
286.738 0.70148 0.00468019
287.111 0.698539 0.00465209
287.485 0.702908 0.0046909
287.858 0.701503 0.00469644
288.231 0.70172 0.00470634
288.605 0.704428 0.00472403
288.978 0.700659 0.00469347
289.351 0.698636 0.0047079
289.724 0.704262 0.00474502
290.097 0.703286 0.00473391
290.47 0.706742 0.00475967
290.843 0.701576 0.00473803
291.217 0.701868 0.00475451
291.59 0.706639 0.00479971
291.963 0.70259 0.00477475
292.336 0.702185 0.00478613
292.708 0.700425 0.00477697
293.081 0.70585 0.00480449
293.454 0.708189 0.00481953
293.827 0.705622 0.00482622
294.2 0.706308 0.00485153
294.573 0.701761 0.00482147
294.945 0.70461 0.00486235
295.318 0.7004 0.00482449
295.691 0.706493 0.00487169
296.064 0.702314 0.00486211
296.436 0.702624 0.00486908
296.809 0.704035 0.00487604
297.181 0.705316 0.00489519
297.554 0.698223 0.00488375
297.926 0.703124 0.0049005
298.299 0.701854 0.00489926
298.671 0.703311 0.00488498
299.044 0.705377 0.00491826
299.416 0.701847 0.00489728
299.788 0.700377 0.00489881
300.161 0.701878 0.00490967
300.533 0.699242 0.00490328
300.905 0.702236 0.00488999
301.278 0.701932 0.00489664
301.65 0.700122 0.00488823
302.022 0.698208 0.00490273
302.394 0.701213 0.00492239
302.766 0.701849 0.00491373
303.138 0.700067 0.00492673
303.51 0.694721 0.00487423
303.882 0.706323 0.00493756
304.254 0.704425 0.00491703
304.626 0.699357 0.00489421
304.998 0.700841 0.00489524
305.37 0.699958 0.00492104
305.742 0.700307 0.00490476
306.114 0.70246 0.00491764
306.485 0.698892 0.00489526
306.857 0.701086 0.00489953
307.229 0.697875 0.00489867
307.601 0.697219 0.0049074
307.972 0.693347 0.00488861
308.344 0.701902 0.00492133
308.716 0.700842 0.00494472
309.087 0.699237 0.00491544
309.459 0.696562 0.0049182
309.83 0.702216 0.00493482
310.202 0.696741 0.0049032
310.573 0.696378 0.00490195
310.945 0.700847 0.00493878
311.316 0.698539 0.00493767
311.687 0.697024 0.00491123
312.059 0.68981 0.00489641
312.43 0.702099 0.00494585
312.801 0.692769 0.00489948
313.172 0.695783 0.00493062
313.544 0.69753 0.00493588
313.915 0.697723 0.00493075
314.286 0.695864 0.00492573
314.657 0.695601 0.00491563
315.028 0.693785 0.0049203
315.399 0.695235 0.00492796
315.77 0.695638 0.0049285
316.141 0.688721 0.00490684
316.512 0.697285 0.0049398
316.883 0.697876 0.00496636
317.254 0.699668 0.00496842
317.625 0.68945 0.00494156
317.996 0.693453 0.00494457
318.366 0.696767 0.00496559
318.737 0.695607 0.00495683
319.108 0.691655 0.00494967
319.478 0.692162 0.00496848
319.849 0.688297 0.00493917
320.22 0.693635 0.00497288
320.59 0.697323 0.00498371
320.961 0.693256 0.00498228
321.331 0.691833 0.00496562
321.702 0.696681 0.00502585
322.072 0.687311 0.00498516
322.443 0.693966 0.0050154
322.813 0.68687 0.00497802
323.184 0.693103 0.00502385
323.554 0.687312 0.00500309
323.924 0.687147 0.00499174
324.295 0.691311 0.00503345
324.665 0.684691 0.00501501
325.035 0.686189 0.00500775
325.405 0.685869 0.00502304
325.775 0.691128 0.00507351
326.145 0.689573 0.00506438
326.515 0.688603 0.00509267
326.886 0.686537 0.00508521
327.256 0.68502 0.00508052
327.626 0.685136 0.00512044
327.995 0.680867 0.00512306
328.365 0.672481 0.00509745
328.735 0.672821 0.00511999
329.105 0.659505 0.00511034
329.475 0.667425 0.0051877
329.845 0.682478 0.0052636
330.215 0.702976 0.00532997
330.584 0.711849 0.00530396
330.954 0.72959 0.00530123
331.324 0.716313 0.00513241
331.693 0.702874 0.00500455
332.063 0.69375 0.00494199
332.432 0.687065 0.00488626
332.802 0.666387 0.00481138
333.171 0.664626 0.00484987
333.541 0.664729 0.00493532
333.91 0.673286 0.00500464
334.28 0.679763 0.00506662
334.649 0.684579 0.00509735
335.018 0.679609 0.00509151
335.388 0.681134 0.00510938
335.757 0.685246 0.00512126
336.126 0.678974 0.00511741
336.495 0.681501 0.00512977
336.865 0.679518 0.00513008
337.234 0.681714 0.00517266
337.603 0.678706 0.00514668
337.972 0.683889 0.00518245
338.341 0.675043 0.00513403
338.71 0.682553 0.00517527
339.079 0.683254 0.00518464
339.448 0.675504 0.00513593
339.817 0.679559 0.00516167
340.186 0.672243 0.00514351
340.554 0.679457 0.00518588
340.923 0.682138 0.00518644
341.292 0.679493 0.00520433
341.661 0.676699 0.0051794
342.029 0.670815 0.00515119
342.398 0.678177 0.00520226
342.767 0.681045 0.00523234
343.135 0.669396 0.00515603
343.504 0.677526 0.00522303
343.872 0.671678 0.00517103
344.241 0.673828 0.00518143
344.609 0.673111 0.00519526
344.978 0.67622 0.00521335
345.346 0.678437 0.00520713
345.715 0.679213 0.00523035
346.083 0.674634 0.00521117
346.451 0.677984 0.00524162
346.82 0.674053 0.00522174
347.188 0.672321 0.00520964
347.556 0.672401 0.00522699
347.924 0.670845 0.00519473
348.292 0.674731 0.00527816
348.66 0.678183 0.00527779
349.028 0.671864 0.00523805
349.396 0.662311 0.00520985
349.764 0.66757 0.0052269
350.132 0.671364 0.0052704
350.5 0.668605 0.00523955
350.868 0.671648 0.00528751
351.236 0.673723 0.00528392
351.604 0.664128 0.00526363
351.972 0.67107 0.00529878
352.34 0.667402 0.00528324
352.707 0.669856 0.00529486
353.075 0.667478 0.00527345
353.443 0.661409 0.00526727
353.81 0.665963 0.00530671
354.178 0.66632 0.00530914
354.545 0.658369 0.00525757
354.913 0.666699 0.00530848
355.28 0.661602 0.0052788
355.648 0.664831 0.00530321
356.015 0.67008 0.00534205
356.383 0.662079 0.0053009
356.75 0.665993 0.00533496
357.117 0.664185 0.00532574
357.485 0.666438 0.00535373
357.852 0.665987 0.00534711
358.219 0.668277 0.00536224
358.586 0.668028 0.0053563
358.954 0.660574 0.00533494
359.321 0.666923 0.00536434
359.688 0.668131 0.00538672
360.055 0.653169 0.00531635
360.422 0.661296 0.0053432
360.789 0.662959 0.005375
361.156 0.65953 0.00535974
361.523 0.663971 0.00539867
361.89 0.659694 0.00538172
362.256 0.653231 0.00532098
362.623 0.66028 0.0053932
362.99 0.660146 0.00541428
363.357 0.658789 0.00540207
363.724 0.657978 0.00539109
364.09 0.661794 0.00541529
364.457 0.658121 0.00542456
364.823 0.665412 0.00541779
365.19 0.656418 0.00537696
365.557 0.664671 0.00543295
365.923 0.663761 0.00542994
366.29 0.658499 0.00541513
366.656 0.659837 0.00542741
367.022 0.658235 0.00539283
367.389 0.665073 0.00545633
367.755 0.650585 0.00538612
368.121 0.654222 0.00543157
368.488 0.656071 0.00543181
368.854 0.649805 0.00540793
369.22 0.666245 0.00551671
369.586 0.659539 0.00550198
369.952 0.657723 0.00550301
370.318 0.652543 0.00549845
370.684 0.659146 0.00554289
371.051 0.656172 0.00552032
371.416 0.658297 0.00555798
371.782 0.648351 0.00549817
372.148 0.653041 0.0055292
372.514 0.650944 0.00554343
372.88 0.652115 0.00554176
373.246 0.653801 0.00556595
373.612 0.654712 0.00555831
373.977 0.65018 0.00551894
374.343 0.651133 0.00551908
374.709 0.650357 0.00549791
375.074 0.655197 0.00553892
375.44 0.648455 0.00552354
375.806 0.652974 0.00557033
376.171 0.655039 0.00557427
376.537 0.65035 0.00553517
376.902 0.653116 0.00557145
377.268 0.654056 0.00555345
377.633 0.651866 0.00553225
377.998 0.649119 0.00548128
378.364 0.646342 0.00544997
378.729 0.646671 0.00544154
379.094 0.655375 0.00549692
379.459 0.650776 0.00554432
379.825 0.650017 0.00554107
380.19 0.649839 0.00554309
380.555 0.657842 0.00562695
380.92 0.65154 0.00564298
381.285 0.654157 0.00567933
381.65 0.647184 0.00561603
382.015 0.637699 0.00555254
382.38 0.649914 0.00563134
382.745 0.652736 0.00568899
383.11 0.644483 0.00564272
383.474 0.644579 0.00564529
383.839 0.646672 0.0056534
384.204 0.648337 0.00568698
384.569 0.645879 0.00567309
384.933 0.647664 0.00569231
385.298 0.648832 0.00573664
385.663 0.648493 0.00574721
386.027 0.644811 0.00569404
386.392 0.643281 0.00566866
386.756 0.644108 0.00563586
387.121 0.641 0.00562828
387.485 0.639657 0.0055767
387.849 0.63466 0.00551946
388.214 0.648786 0.00565899
388.578 0.647003 0.00565088
388.942 0.647087 0.00571773
389.307 0.642323 0.00566951
389.671 0.639861 0.00569121
390.035 0.638628 0.00565476
390.399 0.63643 0.00564689
390.763 0.639101 0.00562962
391.127 0.634962 0.00556901
391.492 0.631787 0.00549656
391.856 0.630019 0.00544116
392.219 0.628928 0.00536422
392.583 0.644563 0.0054684
392.947 0.653746 0.00558976
393.311 0.643372 0.00561637
393.675 0.635713 0.00560755
394.039 0.635544 0.00562136
394.403 0.639915 0.0056618
394.766 0.643552 0.00571473
395.13 0.637146 0.00569045
395.494 0.639296 0.0056922
395.857 0.633062 0.00566091
396.221 0.630756 0.00562311
396.584 0.635908 0.00561004
396.948 0.629643 0.00552354
397.311 0.625768 0.00542272
397.675 0.634512 0.00542779
398.038 0.632224 0.00540139
398.401 0.640607 0.00551092
398.765 0.639814 0.00558991
399.128 0.641075 0.0056781
399.491 0.640092 0.00571194
399.854 0.630479 0.00569115
400.218 0.625594 0.00565764
400.581 0.637548 0.00577122
400.944 0.631521 0.00573626
401.307 0.635711 0.00585202
401.67 0.631568 0.00581762
402.033 0.631949 0.005824
402.396 0.630995 0.00582435
402.759 0.627678 0.00580676
403.122 0.624964 0.0057883
403.485 0.630276 0.00580373
403.847 0.631321 0.00577342
404.21 0.626559 0.00572431
404.573 0.633209 0.00573124
404.936 0.622407 0.0056309
405.298 0.638113 0.00577466
405.661 0.638385 0.00586134
406.023 0.637938 0.00592676
406.386 0.6324 0.00591487
406.749 0.630564 0.0059588
407.111 0.635413 0.0060113
407.473 0.624519 0.00587697
407.836 0.626636 0.00583785
408.198 0.631744 0.00584792
408.561 0.636166 0.0058698
408.923 0.624922 0.00579697
409.285 0.620287 0.00576757
409.647 0.636616 0.00592901
410.009 0.643598 0.00601627
410.372 0.628124 0.00594288
410.734 0.625291 0.0059593
411.096 0.629652 0.00597638
411.458 0.625882 0.00596081
411.82 0.625329 0.00591752
412.182 0.619382 0.0058302
412.544 0.62333 0.00587198
412.906 0.627543 0.00589103
413.267 0.622255 0.00585422
413.629 0.634801 0.00597386
413.991 0.62872 0.00597725
414.353 0.632135 0.0060016
414.714 0.637466 0.00610529
415.076 0.627245 0.00603676
415.438 0.628989 0.00603905
415.799 0.621221 0.00596712
416.161 0.630702 0.00607045
416.522 0.634771 0.00612799
416.884 0.626596 0.00609025
417.245 0.623848 0.00608777
417.607 0.617101 0.00604487
417.968 0.623168 0.00609729
418.329 0.617214 0.00602434
418.691 0.619836 0.0060429
419.052 0.622426 0.00604623
419.413 0.615122 0.00599752
419.774 0.618183 0.00597239
420.135 0.615091 0.00584285
420.497 0.606479 0.00570862
420.858 0.618157 0.00568325
421.219 0.621782 0.00568498
421.58 0.628429 0.0057622
421.941 0.628375 0.00583244
422.302 0.62791 0.0059506
422.662 0.631094 0.0059972
423.023 0.6263 0.00600662
423.384 0.622444 0.00601184
423.745 0.616005 0.00596027
424.106 0.614933 0.00595558
424.466 0.621189 0.00593668
424.827 0.62121 0.00598474
425.187 0.626827 0.0061286
425.548 0.633389 0.00623686
425.909 0.624439 0.00621261
426.269 0.611327 0.00610616
426.63 0.61346 0.00609398
426.99 0.615054 0.00602998
427.35 0.612808 0.00604454
427.711 0.616437 0.00605841
428.071 0.609389 0.00596728
428.431 0.597688 0.00581488
428.792 0.60257 0.00565457
429.152 0.606065 0.00550321
429.512 0.614138 0.00550668
429.872 0.617169 0.00553285
430.232 0.618006 0.0055927
430.592 0.636308 0.00584115
430.952 0.635001 0.00600904
431.312 0.627515 0.00610566
431.672 0.622224 0.00620393
432.032 0.62028 0.00620017
432.392 0.610586 0.00610639
432.752 0.58517 0.00570853
433.111 0.602858 0.00562289
433.471 0.624036 0.0057512
433.831 0.644852 0.00608226
434.19 0.619148 0.00598157
434.55 0.607968 0.00591689
434.91 0.623537 0.00607281
435.269 0.614036 0.00597407
435.629 0.609222 0.0059221
435.988 0.61374 0.00592313
436.348 0.6197 0.0059879
436.707 0.623346 0.00611458
437.066 0.611843 0.00606509
437.426 0.611805 0.00603375
437.785 0.605727 0.00596538
438.144 0.612117 0.00598609
438.503 0.617173 0.00606774
438.862 0.622466 0.00611451
439.222 0.614448 0.00610441
439.581 0.618735 0.00618173
439.94 0.611968 0.00612586
440.299 0.589477 0.00580404
440.658 0.591199 0.00561461
441.017 0.602081 0.00564332
441.376 0.620598 0.00577868
441.734 0.620494 0.00585595
442.093 0.607001 0.00580863
442.452 0.597945 0.00572852
442.811 0.603165 0.00570791
443.169 0.607027 0.00574328
443.528 0.623957 0.00590897
443.887 0.612112 0.0058766
444.245 0.609669 0.00586636
444.604 0.620054 0.00599459
444.962 0.613438 0.00600296
445.321 0.60887 0.00597053
445.679 0.600467 0.00590423
446.038 0.608362 0.00591616
446.396 0.611912 0.00599155
446.754 0.610004 0.00607268
447.112 0.616962 0.0061246
447.471 0.613531 0.00616447
447.829 0.605666 0.00615101
448.187 0.609232 0.00614674
448.545 0.609247 0.00613778
448.903 0.610343 0.00615571
449.261 0.613117 0.00618691
449.619 0.608978 0.00621314
449.977 0.613904 0.0062519
450.335 0.611762 0.00630729
450.693 0.614848 0.00635265
451.051 0.607107 0.00633241
451.409 0.598283 0.0062657
451.766 0.614371 0.00639744
452.124 0.612028 0.00645671
452.482 0.610624 0.00649715
452.839 0.607629 0.00652334
453.197 0.614491 0.00663948
453.555 0.610448 0.00662852
453.912 0.614828 0.00669039
454.27 0.592168 0.00642219
454.627 0.602335 0.00642569
454.984 0.606261 0.006413
455.342 0.622279 0.006591
455.699 0.605735 0.00655876
456.056 0.606144 0.00657316
456.414 0.600862 0.00645916
456.771 0.597509 0.00637477
457.128 0.607391 0.00638421
457.485 0.594624 0.00625002
457.842 0.607986 0.00635763
458.199 0.60295 0.0063435
458.556 0.601398 0.00627603
458.913 0.605334 0.00631586
459.27 0.604787 0.00626073
459.627 0.608309 0.00633821
459.984 0.598514 0.00626192
460.341 0.600162 0.00628608
460.697 0.612561 0.00641649
461.054 0.625908 0.00664272
461.411 0.614521 0.00672553
461.767 0.612632 0.0067978
462.124 0.605938 0.00680143
462.481 0.600557 0.00666594
462.837 0.598511 0.00656419
463.194 0.59483 0.00639814
463.55 0.602023 0.00647107
463.907 0.587377 0.00624014
464.263 0.595377 0.00619379
464.619 0.591234 0.00607824
464.976 0.591791 0.00597016
465.332 0.608406 0.00603495
465.688 0.611071 0.00615776
466.044 0.623192 0.00646965
466.4 0.620612 0.0066042
466.756 0.605081 0.00657687
467.112 0.603696 0.00654742
467.468 0.607284 0.00659738
467.824 0.604 0.00656934
468.18 0.614858 0.00674095
468.536 0.608515 0.00673963
468.892 0.601083 0.00676559
469.248 0.59835 0.00678128
469.604 0.600775 0.00685341
469.959 0.602833 0.00689538
470.315 0.597222 0.0068284
470.671 0.604812 0.00688012
471.026 0.589059 0.00673715
471.382 0.59264 0.0067038
471.737 0.599006 0.00667268
472.093 0.598174 0.00657836
472.448 0.592787 0.00645272
472.804 0.590033 0.00632821
473.159 0.597694 0.006342
473.514 0.607002 0.00639745
473.87 0.587655 0.0062324
474.225 0.573259 0.00598859
474.58 0.5852 0.00591757
474.935 0.599166 0.00599403
475.29 0.610041 0.00612671
475.645 0.598996 0.00611082
476 0.59076 0.00606974
476.355 0.599926 0.00617565
476.71 0.597734 0.00618143
477.065 0.582116 0.00597947
477.42 0.583714 0.00585219
477.775 0.600117 0.00594392
478.13 0.594509 0.00592098
478.485 0.595813 0.00592317
478.839 0.585324 0.00583601
479.194 0.579897 0.00566369
479.549 0.578233 0.00553566
479.903 0.595458 0.00562628
480.258 0.603849 0.00575256
480.612 0.585268 0.00556978
480.967 0.576415 0.00541785
481.321 0.589968 0.00544929
481.675 0.60484 0.00561656
482.03 0.607575 0.00574507
482.384 0.592109 0.00569753
482.738 0.589726 0.00565519
483.093 0.582908 0.00560068
483.447 0.573789 0.00541897
483.801 0.570836 0.00526724
484.155 0.583806 0.0052463
484.509 0.524352 0.0046192
484.863 0.402835 0.00271856
485.217 0.524662 0.00271991
485.571 0.616463 0.00291661
485.925 0.787167 0.00401509
486.279 0.712008 0.00455021
486.632 0.61745 0.00462774
486.986 0.61595 0.00501763
487.34 0.624475 0.00542636
487.694 0.608846 0.00554859
488.047 0.590133 0.00552727
488.401 0.588784 0.00551451
488.754 0.59103 0.00555958
489.108 0.59973 0.0056776
489.461 0.600621 0.00573997
489.815 0.594794 0.00577892
490.168 0.583514 0.00565629
490.522 0.586281 0.00565077
490.875 0.590512 0.00567855
491.228 0.597205 0.005739
491.581 0.582647 0.00563348
491.935 0.593321 0.00570006
492.288 0.590756 0.00570606
492.641 0.587326 0.0056571
492.994 0.583087 0.00562065
493.347 0.585905 0.00559986
493.7 0.589149 0.00558582
494.053 0.589712 0.00560679
494.406 0.598839 0.00572467
494.759 0.600932 0.00586827
495.111 0.572016 0.00558958
495.464 0.559305 0.00529189
495.817 0.569046 0.00518446
496.169 0.612962 0.00552804
496.522 0.62143 0.00578338
496.875 0.613869 0.00596454
497.227 0.584451 0.00586275
497.58 0.584096 0.00589807
497.932 0.585127 0.00585237
498.285 0.585113 0.00581122
498.637 0.573864 0.00562189
498.989 0.576977 0.00555584
499.342 0.591935 0.00563012
499.694 0.596946 0.00576762
500.046 0.59814 0.00587657
500.398 0.565009 0.00557542
500.751 0.570115 0.00550394
501.103 0.579992 0.00556562
501.455 0.589193 0.00559851
501.807 0.582037 0.00557403
502.159 0.584337 0.00558564
502.511 0.581846 0.00558275
502.862 0.58801 0.00562468
503.214 0.599313 0.00575102
503.566 0.598315 0.00585055
503.918 0.591765 0.00589515
504.27 0.579899 0.00581949
504.621 0.584949 0.00584926
504.973 0.599272 0.00597827
505.324 0.577458 0.00584833
505.676 0.573696 0.00572663
506.027 0.579964 0.00573127
506.379 0.609865 0.00606271
506.73 0.597857 0.00613419
507.082 0.577298 0.0059742
507.433 0.569692 0.00584773
507.784 0.589452 0.00590744
508.136 0.592149 0.00599679
508.487 0.59254 0.0060252
508.838 0.585528 0.00607326
509.189 0.582511 0.00606145
509.54 0.573578 0.00594619
509.891 0.588417 0.00608524
510.242 0.579581 0.00601941
510.593 0.585413 0.00609013
510.944 0.587409 0.00614488
511.295 0.58774 0.00623856
511.646 0.594081 0.00638075
511.996 0.580436 0.0062738
512.347 0.573224 0.00618818
512.698 0.586292 0.00624427
513.049 0.576808 0.00620559
513.399 0.592329 0.00637582
513.75 0.584232 0.00630303
514.1 0.591636 0.0063997
514.451 0.597328 0.00659539
514.801 0.587016 0.00658688
515.152 0.571623 0.00641689
515.502 0.570263 0.00629257
515.852 0.580616 0.00629307
516.202 0.576231 0.00626616
516.553 0.593336 0.00642957
516.903 0.593251 0.00652463
517.253 0.592762 0.00663076
517.603 0.583978 0.00662527
517.953 0.576116 0.00650778
518.303 0.570261 0.00636913
518.653 0.576749 0.00630862
519.003 0.58666 0.00641922
519.353 0.611207 0.00676405
519.703 0.600697 0.00690355
520.052 0.583457 0.00681444
520.402 0.573664 0.00674011
520.752 0.585886 0.00673704
521.102 0.5947 0.00681213
521.451 0.589604 0.00688697
521.801 0.581973 0.0068237
522.15 0.576318 0.00674649
522.5 0.584245 0.00671007
522.849 0.588495 0.00675238
523.199 0.568954 0.00655253
523.548 0.579943 0.006599
523.897 0.583913 0.00660883
524.246 0.594959 0.00680672
524.596 0.599136 0.00694282
524.945 0.579051 0.00677823
525.294 0.580903 0.00678244
525.643 0.579685 0.00678226
525.992 0.591077 0.0068334
526.341 0.576238 0.00669441
526.69 0.589338 0.00683865
527.039 0.59561 0.00693589
527.388 0.581803 0.00689533
527.737 0.552451 0.00654096
528.086 0.558491 0.0063704
528.434 0.577686 0.00634449
528.783 0.600839 0.00655305
529.132 0.596315 0.0066638
529.48 0.586966 0.00672077
529.829 0.583339 0.00677141
530.177 0.5899 0.00685241
530.526 0.581913 0.00685116
530.874 0.574394 0.00673653
531.223 0.582798 0.0067711
531.571 0.574928 0.00672227
531.919 0.576482 0.00674938
532.268 0.564894 0.00650803
532.616 0.560242 0.00626455
532.964 0.578499 0.00624344
533.312 0.589905 0.00632102
533.66 0.589302 0.00631625
534.008 0.572914 0.00620639
534.356 0.582232 0.00624678
534.704 0.586127 0.00633014
535.052 0.590808 0.0064133
535.4 0.5959 0.00657671
535.748 0.596613 0.00675776
536.095 0.594956 0.00692066
536.443 0.580116 0.00686549
536.791 0.563507 0.00665721
537.139 0.558438 0.0064626
537.486 0.569678 0.00639463
537.834 0.57674 0.00636625
538.181 0.569197 0.00629974
538.529 0.580342 0.00636234
538.876 0.576524 0.00635383
539.223 0.590053 0.00649659
539.571 0.592652 0.00664903
539.918 0.57512 0.00654588
540.265 0.558968 0.0063426
540.613 0.569655 0.00630983
540.96 0.585292 0.00643952
541.307 0.576705 0.00641372
541.654 0.581237 0.00647913
542.001 0.574772 0.00639777
542.348 0.580665 0.00644246
542.695 0.57099 0.00639617
543.042 0.564529 0.00626825
543.388 0.573013 0.00624783
543.735 0.58082 0.00626245
544.082 0.575836 0.00623597
544.429 0.586133 0.00629782
544.775 0.592485 0.00646194
545.122 0.598499 0.00668365
545.469 0.581604 0.0067227
545.815 0.572223 0.00666023
546.162 0.569783 0.00659759
546.508 0.562495 0.00641803
546.854 0.558652 0.00622435
547.201 0.552723 0.00591594
547.547 0.580004 0.00599792
547.893 0.587937 0.00613177
548.24 0.603644 0.00648616
548.586 0.598184 0.00681277
548.932 0.578244 0.00679515
549.278 0.572347 0.00683608
549.624 0.567848 0.00671882
549.97 0.592037 0.00693522
550.316 0.585225 0.00704793
550.662 0.577484 0.0070505
551.008 0.548588 0.0066453
551.353 0.552893 0.00629609
551.699 0.558179 0.00608891
552.045 0.598199 0.00643611
552.391 0.58728 0.00654586
552.736 0.573927 0.0065071
553.082 0.570748 0.00651441
553.427 0.579741 0.00663873
553.773 0.600664 0.00699102
554.118 0.578892 0.00693636
554.464 0.562068 0.00665214
554.809 0.550189 0.00634698
555.154 0.570589 0.00631014
555.5 0.584616 0.00643087
555.845 0.603091 0.00671731
556.19 0.582275 0.00675241
556.535 0.589286 0.00698428
556.88 0.560408 0.00675755
557.225 0.583891 0.00685063
557.57 0.582164 0.00691925
557.915 0.585904 0.00715163
558.26 0.573903 0.00715382
558.605 0.574111 0.00717941
558.95 0.567744 0.00702429
559.295 0.546251 0.00655364
559.639 0.558935 0.00635182
559.984 0.559196 0.00613242
560.329 0.571004 0.00612668
560.673 0.5771 0.00617447
561.018 0.59314 0.00641189
561.362 0.59148 0.00655179
561.707 0.57696 0.00664129
562.051 0.566472 0.00652553
562.395 0.561209 0.00647028
562.74 0.567888 0.00636143
563.084 0.566109 0.00625226
563.428 0.557909 0.00606711
563.772 0.581831 0.00622178
564.117 0.569228 0.00611107
564.461 0.574595 0.00611076
564.805 0.573908 0.00617255
565.149 0.570638 0.00613151
565.493 0.576568 0.00614504
565.836 0.56305 0.00598624
566.18 0.566712 0.00593623
566.524 0.530926 0.00539839
566.868 0.558518 0.00534717
567.212 0.563907 0.00527133
567.555 0.559681 0.00518749
567.899 0.540095 0.00489452
568.242 0.547206 0.00471723
568.586 0.537228 0.00440136
568.929 0.539177 0.0041252
569.273 0.546738 0.00391059
569.616 0.566175 0.00392977
569.96 0.555991 0.00384419
570.303 0.54651 0.0036969
570.646 0.558447 0.0036801
570.989 0.547264 0.00354334
571.333 0.570781 0.00361617
571.676 0.578392 0.0037457
572.019 0.598532 0.00412902
572.362 0.523925 0.003752
572.705 0.525593 0.00348739
573.048 0.543305 0.00334988
573.391 0.549275 0.00325933
573.733 0.5569 0.00320877
574.076 0.549946 0.00315345
574.419 0.575594 0.00327496
574.762 0.574589 0.00344495
575.104 0.584372 0.00370152
575.447 0.537749 0.00360741
575.789 0.52953 0.00339157
576.132 0.538499 0.00319287
576.474 0.563173 0.00324479
576.817 0.531535 0.00293526
577.159 0.550602 0.00281847
577.501 0.590645 0.00288268
577.844 0.610726 0.00309169
578.186 0.607441 0.00343731
578.528 0.55023 0.00347487
578.87 0.546059 0.0034808
579.212 0.533048 0.00336966
579.554 0.548264 0.00327744
579.896 0.562872 0.00334551
580.238 0.53166 0.00313772
580.58 0.512893 0.00270457
580.922 0.596604 0.00280584
581.264 0.668237 0.00296944
581.606 0.627116 0.00289487
581.947 0.591924 0.00297438
582.289 0.598926 0.00328891
582.631 0.580399 0.00359883
582.972 0.55667 0.0037943
583.314 0.536713 0.00374162
583.655 0.542711 0.00368413
583.997 0.519005 0.00332055
584.338 0.536536 0.00310927
584.679 0.552209 0.00300989
585.021 0.586019 0.00312359
585.362 0.589124 0.00335194
585.703 0.581362 0.00357836
586.044 0.53587 0.00353019
586.385 0.526567 0.00332901
586.726 0.53956 0.00320451
587.067 0.58959 0.00341218
587.408 0.57807 0.00357674
587.749 0.569959 0.00371894
588.09 0.564939 0.00386533
588.431 0.572441 0.00409078
588.772 0.560512 0.00426036
589.113 0.535512 0.00412122
589.453 0.558576 0.00418928
589.794 0.574828 0.00433807
590.134 0.57676 0.00456266
590.475 0.556021 0.0046247
590.815 0.543207 0.00456166
591.156 0.561246 0.00462802
591.496 0.541293 0.00450228
591.837 0.48838 0.00370949
592.177 0.527897 0.00348506
592.517 0.555637 0.00335297
592.857 0.588288 0.00358205
593.198 0.578565 0.00376093
593.538 0.586954 0.00415429
593.878 0.548718 0.00423017
594.218 0.527739 0.00406623
594.558 0.540029 0.00393463
594.898 0.571056 0.00410062
595.237 0.581607 0.00435549
595.577 0.567819 0.00459553
595.917 0.568257 0.00486361
596.257 0.526551 0.00457814
596.596 0.545302 0.00453125
596.936 0.558065 0.00444098
597.276 0.573679 0.00467136
597.615 0.541421 0.00453732
597.955 0.497474 0.00390651
598.294 0.543494 0.00374715
598.633 0.567705 0.0037875
598.973 0.576984 0.00396386
599.312 0.549427 0.00388844
599.651 0.55514 0.00390101
599.991 0.565256 0.0040402
600.33 0.56156 0.00407006
600.669 0.562364 0.00419515
601.008 0.569092 0.00434635
601.347 0.563053 0.00450511
601.686 0.534752 0.00430768
602.025 0.5604 0.00440901
602.364 0.531923 0.00412283
602.702 0.559636 0.00414958
603.041 0.560935 0.00413406
603.38 0.576691 0.00434626
603.719 0.569904 0.00453763
604.057 0.557118 0.00464692
604.396 0.545514 0.00460224
604.734 0.532954 0.00444051
605.073 0.529731 0.00404329
605.411 0.573565 0.00420932
605.75 0.570527 0.00428206
606.088 0.568775 0.0045436
606.426 0.533599 0.00434931
606.764 0.552991 0.00435313
607.103 0.567817 0.00446579
607.441 0.562567 0.00464262
607.779 0.554592 0.00474196
608.117 0.541291 0.00466181
608.455 0.575337 0.00494593
608.793 0.548998 0.0049636
609.131 0.517864 0.00456133
609.469 0.549163 0.00452532
609.806 0.563822 0.00456855
610.144 0.584777 0.00499293
610.482 0.538855 0.00493355
610.819 0.550477 0.0049573
611.157 0.554075 0.00499062
611.495 0.568877 0.00522037
611.832 0.554984 0.005217
612.17 0.547457 0.0051444
612.507 0.546567 0.00507223
612.844 0.561141 0.00518024
613.182 0.559733 0.00520133
613.519 0.548012 0.00511731
613.856 0.5474 0.00508162
614.193 0.540747 0.00503338
614.53 0.542334 0.00492145
614.867 0.553419 0.00490346
615.205 0.581262 0.00528206
615.541 0.563738 0.00536477
615.878 0.551589 0.00556024
616.215 0.5402 0.00550907
616.552 0.55782 0.00562671
616.889 0.540888 0.00545848
617.226 0.556109 0.00543401
617.562 0.569238 0.00559509
617.899 0.573527 0.00595505
618.235 0.563906 0.00623485
618.572 0.554469 0.00645176
618.908 0.531614 0.00620121
619.245 0.542392 0.00598844
619.581 0.554669 0.00589506
619.918 0.602955 0.00648204
620.254 0.595042 0.00726572
620.59 0.529595 0.00716364
620.926 0.523886 0.00674309
621.262 0.548082 0.00651876
621.599 0.573321 0.00654488
621.935 0.555867 0.00647353
622.271 0.551981 0.00621517
622.606 0.554373 0.00604329
622.942 0.580082 0.00625732
623.278 0.575712 0.00647618
623.614 0.52264 0.00593456
623.95 0.55624 0.00602448
624.285 0.564596 0.00613982
624.621 0.584164 0.00657494
624.957 0.554549 0.00664343
625.292 0.56257 0.00684058
625.628 0.573413 0.00717364
625.963 0.547118 0.00709812
626.299 0.539845 0.00692545
626.634 0.556952 0.006912
626.969 0.570768 0.00707829
627.304 0.600174 0.00772977
627.64 0.564511 0.00809354
627.975 0.541203 0.00796153
628.31 0.527936 0.00749515
628.645 0.563169 0.00743538
628.98 0.572651 0.0076248
629.315 0.574341 0.00773428
629.65 0.555363 0.00767975
629.985 0.556906 0.00769795
630.319 0.581459 0.00818115
630.654 0.556095 0.00814325
630.989 0.555365 0.00808608
631.323 0.571609 0.00836319
631.658 0.583676 0.00869647
631.993 0.574526 0.00902868
632.327 0.551241 0.00892292
632.662 0.560683 0.00898046
632.996 0.563375 0.00888081
633.33 0.569183 0.00884419
633.665 0.587242 0.00913913
633.999 0.579794 0.00933084
634.333 0.564811 0.00932986
634.667 0.567171 0.00935566
635.001 0.54979 0.00895119
635.335 0.545331 0.00864304
635.669 0.553764 0.00835699
636.003 0.573071 0.00850546
636.337 0.580616 0.00889839
636.671 0.569605 0.00924588
637.005 0.566712 0.00960945
637.339 0.554148 0.00953431
637.672 0.542679 0.00919113
638.006 0.570207 0.00917912
638.339 0.578192 0.00922501
638.673 0.592201 0.00966049
639.006 0.577725 0.00976943
639.34 0.566163 0.00977189
639.673 0.568875 0.00989141
640.007 0.570082 0.00991567
640.34 0.576511 0.0100658
640.673 0.574764 0.0102675
641.006 0.586569 0.010482
641.34 0.580427 0.0105084
641.673 0.58259 0.0107828
642.006 0.570066 0.0108656
642.339 0.565774 0.0106997
642.672 0.580758 0.0107439
643.004 0.586069 0.0108391
643.337 0.581201 0.0110251
643.67 0.567518 0.0109978
644.003 0.558474 0.0107243
644.336 0.581851 0.0110124
644.668 0.587468 0.0110968
645.001 0.583636 0.0111961
645.333 0.594315 0.0114663
645.666 0.593591 0.0117847
645.998 0.591075 0.0120539
646.331 0.57336 0.0118772
646.663 0.573761 0.0118643
646.995 0.555843 0.0111019
647.327 0.550867 0.0103327
647.66 0.562444 0.00969508
647.992 0.57134 0.00951649
648.324 0.567951 0.00940339
648.656 0.568741 0.0095288
648.988 0.585907 0.0099828
649.32 0.57784 0.0104738
649.652 0.571581 0.011039
649.983 0.563328 0.0112502
650.315 0.565938 0.0114418
650.647 0.552935 0.0111213
650.979 0.555226 0.010676
651.31 0.553267 0.0102633
651.642 0.558017 0.0099311
651.973 0.556006 0.00987902
652.305 0.564045 0.00994315
652.636 0.580914 0.0101385
652.967 0.572752 0.010348
653.299 0.569514 0.0105014
653.63 0.544896 0.0103211
653.961 0.530194 0.00969347
654.292 0.460775 0.00755326
654.623 0.236334 0.00224431
654.955 0.901375 0.00343584
655.286 0.901319 0.00343563
655.616 0.901263 0.00343541
655.947 0.901206 0.00343519
656.278 0.901148 0.00343497
656.609 0.486333 0.00252335
656.94 0.424049 0.00296325
657.27 0.400302 0.00341139
657.601 0.415701 0.00398368
657.932 0.459147 0.0049794
658.262 0.514236 0.00643305
658.593 0.560012 0.00819446
658.923 0.584591 0.0100089
659.254 0.581653 0.011121
659.584 0.58757 0.0120073
659.914 0.554623 0.0122054
660.244 0.593709 0.0130586
660.575 0.568286 0.0128551
660.905 0.579289 0.0129808
661.235 0.574996 0.0127624
661.565 0.580081 0.0126673
661.895 0.589476 0.0127367
662.225 0.606543 0.0131054
662.555 0.589085 0.0130288
662.884 0.586934 0.0129954
663.214 0.571305 0.0125776
663.544 0.568637 0.0123798
663.873 0.583412 0.0125216
664.203 0.555865 0.0118534
664.533 0.570143 0.0119099
664.862 0.592466 0.0119646
665.192 0.5978 0.0122319
665.521 0.594181 0.0127316
665.85 0.588297 0.0132215
666.18 0.593287 0.0137701
666.509 0.571057 0.0134577
666.838 0.578762 0.0134898
667.167 0.592747 0.0134256
667.496 0.586631 0.0134277
667.825 0.588504 0.0133793
668.154 0.590434 0.0134425
668.483 0.593614 0.0135012
668.812 0.587175 0.0131374
669.141 0.587512 0.0130259
669.47 0.57042 0.0125261
669.798 0.568107 0.0125923
670.127 0.600944 0.0132569
670.456 0.544759 0.0121161
670.784 0.535175 0.0108211
671.113 0.54645 0.0099715
671.441 0.553514 0.00936147
671.77 0.576899 0.00960618
672.098 0.585917 0.01003
672.426 0.610587 0.0112117
672.755 0.566835 0.0115729
673.083 0.563595 0.0118989
673.411 0.569569 0.0120594
673.739 0.585258 0.0123032
674.067 0.581537 0.0126523
674.395 0.575174 0.0128976
674.723 0.561512 0.012387
675.051 0.585568 0.0125105
675.379 0.592639 0.0126312
675.706 0.582511 0.0125071
676.034 0.5896 0.0128362
676.362 0.589148 0.0130586
676.689 0.538849 0.0118567
677.017 0.544713 0.0110389
677.344 0.578454 0.0108861
677.672 0.592384 0.011036
677.999 0.582888 0.0112794
678.327 0.567966 0.0109557
678.654 0.548157 0.0101955
678.981 0.558566 0.0100044
679.308 0.580963 0.0101486
679.636 0.587295 0.0105815
679.963 0.588107 0.0111089
680.29 0.5632 0.0111972
680.617 0.554684 0.0109154
680.944 0.562593 0.0107794
681.271 0.586495 0.0110535
681.597 0.585583 0.0116882
681.924 0.580774 0.0124428
682.251 0.54458 0.0123647
682.578 0.543803 0.011805
682.904 0.547965 0.0110998
683.231 0.551363 0.0106267
683.557 0.553676 0.0103574
683.884 0.563688 0.0102182
684.21 0.551245 0.00978851
684.536 0.550912 0.00944737
684.863 0.567527 0.00947232
685.189 0.569783 0.00952009
685.515 0.57776 0.0100055
685.841 0.557598 0.010234
686.167 0.548173 0.0103001
686.493 0.549371 0.0100765
686.819 0.568877 0.0103094
687.145 0.58741 0.0108394
687.471 0.574391 0.01148
687.797 0.590376 0.0122282
688.123 0.54639 0.0116587
688.448 0.542854 0.0114413
688.774 0.56009 0.0111659
689.1 0.57513 0.0114331
689.425 0.594631 0.0120382
689.751 0.561553 0.0119372
690.076 0.543534 0.0113404
690.402 0.54893 0.0106113
690.727 0.568833 0.0104181
691.052 0.579108 0.0106308
691.377 0.596385 0.0111844
691.703 0.565888 0.0111169
692.028 0.577496 0.0114095
692.353 0.563763 0.0109489
692.678 0.566068 0.0109652
693.003 0.569356 0.0111554
693.328 0.608084 0.0125033
693.652 0.592964 0.0130933
693.977 0.553814 0.0125384
694.302 0.53701 0.0117423
694.627 0.576785 0.0117235
694.951 0.596741 0.0123018
695.276 0.60397 0.0133599
695.6 0.586453 0.0137843
695.925 0.51094 0.0117054
696.249 0.540686 0.0105402
696.574 0.556802 0.00986001
696.898 0.605347 0.0105099
697.222 0.586134 0.0109133
697.546 0.563471 0.0111734
697.871 0.557107 0.0114645
698.195 0.554952 0.0115717
698.519 0.564888 0.0118998
698.843 0.583308 0.0123779
699.167 0.584046 0.0128512
699.491 0.5824 0.0132883
699.814 0.570662 0.0134713
700.138 0.578156 0.0135269
700.462 0.583741 0.0137121
700.786 0.583293 0.0137269
701.109 0.571212 0.0132817
701.433 0.559776 0.0126
701.756 0.569814 0.0123086
702.08 0.58527 0.0123949
702.403 0.580389 0.012452
702.726 0.593197 0.0131038
703.05 0.580974 0.0134042
703.373 0.576011 0.0136145
703.696 0.570592 0.0135308
704.019 0.616537 0.0144981
704.342 0.608011 0.0148408
704.665 0.582384 0.0150643
704.988 0.585739 0.0152833
705.311 0.56177 0.0142794
705.634 0.541232 0.0128045
705.957 0.555741 0.0115993
706.28 0.559093 0.0107242
706.602 0.57423 0.0105237
706.925 0.570796 0.0105905
707.247 0.575909 0.0110401
707.57 0.589283 0.0116966
707.892 0.563927 0.0117222
708.215 0.575266 0.0123784
708.537 0.573925 0.0128715
708.859 0.567224 0.0130445
709.182 0.582295 0.013144
709.504 0.556029 0.0123804
709.826 0.552258 0.0120837
710.148 0.58424 0.0125154
710.47 0.588746 0.0128804
710.792 0.58239 0.0132005
711.114 0.585321 0.0136324
711.436 0.593764 0.0142078
711.758 0.567613 0.0137185
712.079 0.563215 0.013494
712.401 0.574696 0.0131911
712.723 0.563002 0.0124149
713.044 0.546222 0.0116493
713.366 0.564117 0.0115227
713.687 0.573344 0.0115758
714.009 0.594736 0.0122018
714.33 0.57265 0.0121837
714.652 0.574889 0.0125739
714.973 0.581642 0.0130536
715.294 0.587378 0.0137135
715.615 0.59628 0.0146646
715.936 0.595508 0.0150369
716.257 0.564438 0.0148931
716.578 0.591124 0.0153335
716.899 0.599078 0.0152277
717.22 0.557352 0.0137049
717.541 0.575301 0.0135556
717.862 0.579774 0.013296
718.182 0.564892 0.0133268
718.503 0.5629 0.0129508
718.824 0.586684 0.0133938
719.144 0.585579 0.0135406
719.465 0.593888 0.0140109
719.785 0.551225 0.0133903
720.105 0.546085 0.0129537
720.426 0.557235 0.0129685
720.746 0.59973 0.0136462
721.066 0.577063 0.0134482
721.386 0.580129 0.0136419
721.706 0.596188 0.0142047
722.026 0.581198 0.014191
722.346 0.579769 0.0144327
722.666 0.570514 0.0142097
722.986 0.581482 0.0140446
723.306 0.594764 0.0142522
723.626 0.60336 0.0146231
723.946 0.568828 0.014217
724.265 0.551008 0.013416
724.585 0.561303 0.0128461
724.904 0.544845 0.0122986
725.224 0.589346 0.0129038
725.543 0.578272 0.0127637
725.863 0.580652 0.0128076
726.182 0.585367 0.0131835
726.501 0.593111 0.0138013
726.82 0.580822 0.0137712
727.14 0.548704 0.012895
727.459 0.56177 0.0127586
727.778 0.573062 0.0126848
728.097 0.577677 0.0129105
728.416 0.550521 0.0124409
728.734 0.561062 0.0122633
729.053 0.563136 0.012088
729.372 0.580335 0.0122629
729.691 0.563205 0.0118382
730.009 0.552229 0.0110861
730.328 0.550805 0.0107229
730.647 0.571933 0.0108838
730.965 0.560013 0.0110321
731.283 0.568422 0.0115535
731.602 0.572201 0.0118928
731.92 0.559491 0.0116705
732.238 0.546741 0.0112302
732.557 0.551373 0.0109885
732.875 0.553835 0.0109668
733.193 0.531264 0.0101647
733.511 0.570941 0.0101356
733.829 0.569789 0.0102153
734.147 0.58534 0.0109964
734.465 0.568461 0.0114747
734.782 0.533816 0.0111136
735.1 0.542392 0.0110599
735.418 0.558283 0.0111079
735.735 0.555965 0.0110126
736.053 0.554335 0.0110633
736.371 0.558135 0.0110616
736.688 0.567708 0.0114724
737.005 0.591984 0.0124158
737.323 0.562474 0.0127038
737.64 0.560548 0.0128626
737.957 0.543611 0.0122448
738.274 0.530464 0.0110174
738.592 0.570471 0.0109204
738.909 0.566245 0.0110086
739.226 0.6012 0.0122944
739.543 0.585961 0.013103
739.86 0.568498 0.0135257
740.176 0.565847 0.0140593
740.493 0.585414 0.0149508
740.81 0.586373 0.0151874
741.127 0.548589 0.0143578
741.443 0.556991 0.0140095
741.76 0.572464 0.0135307
742.076 0.575609 0.0134941
742.393 0.577499 0.0139894
742.709 0.587503 0.0149416
743.025 0.601522 0.0157372
743.342 0.580225 0.0152888
743.658 0.569452 0.0149153
743.974 0.582814 0.0147797
744.29 0.582887 0.0145078
744.606 0.590506 0.0148788
744.922 0.599973 0.0151281
745.238 0.576553 0.0148469
745.554 0.595057 0.0153348
745.87 0.599753 0.0155368
746.186 0.559497 0.0146461
746.501 0.58748 0.0144652
746.817 0.596572 0.0144609
747.132 0.603123 0.0154087
747.448 0.600139 0.0161796
747.763 0.579835 0.0159914
748.079 0.552753 0.0150656
748.394 0.548024 0.0139376
748.71 0.557839 0.0131279
749.025 0.534909 0.011973
749.34 0.563142 0.0120222
749.655 0.570092 0.0121737
749.97 0.576468 0.0127273
750.285 0.550578 0.0126154
750.6 0.543788 0.0124056
750.915 0.530131 0.0117908
751.23 0.557633 0.0122046
751.545 0.547219 0.0124442
751.859 0.551214 0.0131021
752.174 0.563192 0.0137285
752.489 0.514508 0.0124472
752.803 0.541647 0.0120635
753.118 0.541121 0.0118025
753.432 0.558068 0.0122402
753.747 0.570031 0.0129241
754.061 0.536081 0.0123012
754.375 0.523756 0.0116251
754.689 0.531749 0.0113736
755.004 0.530281 0.0111598
755.318 0.541119 0.0111316
755.632 0.519245 0.0104636
755.946 0.535995 0.0103538
756.26 0.533586 0.00997487
756.573 0.51087 0.00920941
756.887 0.517937 0.00899976
757.201 0.537292 0.0091939
757.515 0.55874 0.0101376
757.828 0.550645 0.0108556
758.142 0.503802 0.0105089
758.455 0.482068 0.0096561
758.769 0.505121 0.00933408
759.082 0.524408 0.00933457
759.396 0.518624 0.00907179
759.709 0.523878 0.00903323
760.022 0.521921 0.00896678
760.335 0.53827 0.00951064
760.648 0.547459 0.0102059
760.962 0.533623 0.0108425
761.275 0.529893 0.0114656
761.587 0.523362 0.0116708
761.9 0.539214 0.0119307
762.213 0.518489 0.0113448
762.526 0.514022 0.0108819
762.839 0.540334 0.0111076
763.151 0.530232 0.0107308
763.464 0.513489 0.0100216
763.776 0.492764 0.00918008
764.089 0.519811 0.00903158
764.401 0.5391 0.00944419
764.714 0.530031 0.00984809
765.026 0.54205 0.0106091
765.338 0.524878 0.0110911
765.65 0.549865 0.0122873
765.962 0.53269 0.0127382
766.275 0.528805 0.0132282
766.587 0.524289 0.013346
766.898 0.515196 0.0128743
767.21 0.518799 0.0123686
767.522 0.515801 0.0113618
767.834 0.528056 0.0109348
768.146 0.542554 0.0111157
768.457 0.535726 0.0114732
768.769 0.530909 0.0120508
769.08 0.51739 0.0121967
769.392 0.510343 0.0117503
769.703 0.500741 0.0110316
770.015 0.501978 0.0105941
770.326 0.535459 0.0108624
770.637 0.541436 0.0112601
770.948 0.564376 0.0122805
771.26 0.540044 0.0128548
771.571 0.511942 0.012731
771.882 0.517581 0.012781
772.193 0.529219 0.0126211
772.504 0.536279 0.0128941
772.814 0.539085 0.0134432
773.125 0.551205 0.0138007
773.436 0.528778 0.0138261
773.747 0.529261 0.0142949
774.057 0.5386 0.0148131
774.368 0.5485 0.0150029
774.678 0.56873 0.0156451
774.989 0.555443 0.0158995
775.299 0.578282 0.0166648
775.609 0.564357 0.0164724
775.919 0.554554 0.0161516
776.23 0.550756 0.0159088
776.54 0.591613 0.0167471
776.85 0.558326 0.0161312
777.16 0.552208 0.0159395
777.47 0.546266 0.0151563
777.78 0.535283 0.0141376
778.089 0.519747 0.0131591
778.399 0.552507 0.013531
778.709 0.535103 0.0135869
779.019 0.55497 0.014629
779.328 0.548816 0.0154835
779.638 0.517211 0.0150963
779.947 0.510923 0.0140609
780.257 0.514255 0.0127097
780.566 0.528458 0.0122784
780.875 0.525422 0.0122782
781.185 0.521107 0.0128506
781.494 0.523378 0.0133665
781.803 0.528416 0.0135174
782.112 0.527331 0.0138681
782.421 0.499954 0.0134077
782.73 0.510182 0.0132689
783.039 0.530673 0.0135577
783.348 0.55038 0.0144911
783.656 0.543915 0.0156635
783.965 0.516292 0.0154751
784.274 0.512373 0.0150857
784.582 0.529469 0.0148385
784.891 0.549203 0.0148275
785.199 0.541452 0.0148194
785.508 0.539163 0.0153699
785.816 0.552417 0.0158275
786.124 0.544641 0.015699
786.432 0.524405 0.0144472
786.741 0.521331 0.0138724
787.049 0.542256 0.0139767
787.357 0.531218 0.013803
787.665 0.509199 0.0134487
787.973 0.510884 0.0136026
788.281 0.545757 0.0145052
788.588 0.52143 0.0147537
788.896 0.544726 0.0159916
789.204 0.521598 0.0161399
789.511 0.519488 0.0163868
789.819 0.532875 0.0166742
790.126 0.529417 0.0167471
790.434 0.519421 0.0167112
790.741 0.544154 0.0172425
791.049 0.539212 0.0169427
791.356 0.535817 0.0173402
791.663 0.60686 0.0193947
791.97 0.556469 0.0181975
792.277 0.580842 0.0191983
792.584 0.553283 0.0174187
792.891 0.507997 0.0146702
793.198 0.506129 0.0134759
793.505 0.516339 0.0132498
793.812 0.517794 0.0134162
794.119 0.500665 0.0135838
794.425 0.5121 0.0139984
794.732 0.523907 0.0147774
795.038 0.54585 0.0167111
795.345 0.526826 0.0176596
795.651 0.523475 0.0185842
795.958 0.533606 0.019005
796.264 0.560535 0.0187479
796.57 0.527438 0.0171656
796.876 0.560148 0.0172355
797.183 0.564128 0.0177157
797.489 0.5684 0.0184767
797.795 0.549662 0.0183381
798.101 0.571096 0.0189112
798.406 0.563313 0.0186074
798.712 0.534982 0.0183508
799.018 0.580399 0.0197907
799.324 0.561693 0.0196291
799.629 0.559243 0.0197768
799.935 0.577914 0.0201404
800.24 0.587408 0.0204503
800.546 0.547393 0.0195732
800.851 0.624084 0.0217944
801.157 0.574542 0.0211976
801.462 0.567014 0.0213774
801.767 0.581391 0.0218842
802.072 0.557661 0.0206305
802.377 0.595647 0.0206036
802.682 0.565211 0.0195706
802.987 0.554647 0.0194771
803.292 0.599276 0.0213899
803.597 0.57268 0.0212519
803.902 0.584915 0.0215554
804.207 0.551741 0.0203407
804.511 0.573031 0.0203726
804.816 0.521518 0.0188465
805.12 0.534369 0.0177335
805.425 0.491079 0.0159584
805.729 0.566554 0.0170377
806.034 0.549612 0.0172984
806.338 0.545043 0.0178779
806.642 0.536583 0.0184733
806.946 0.510322 0.0179708
807.251 0.517173 0.0180982
807.555 0.530738 0.018266
807.859 0.530756 0.0181218
808.162 0.570609 0.0188775
808.466 0.54031 0.019087
808.77 0.540142 0.0195052
809.074 0.528552 0.0197455
809.378 0.558268 0.0207171
809.681 0.592961 0.0217602
809.985 0.601688 0.0218001
810.288 0.562326 0.0207708
810.592 0.604543 0.0222703
810.895 0.591263 0.0221495
811.198 0.617167 0.0230469
811.502 0.652162 0.0252352
811.805 0.57385 0.0232863
812.108 0.614376 0.0246676
812.411 0.587443 0.0229558
812.714 0.56016 0.0203106
813.017 0.536361 0.0188088
813.32 0.54889 0.0189863
813.623 0.543344 0.0191001
813.926 0.58418 0.0216872
814.228 0.593976 0.0227631
814.531 0.603491 0.0236238
814.833 0.565759 0.0231204
815.136 0.598327 0.0238283
815.438 0.601802 0.0244206
815.741 0.613165 0.0243429
816.043 0.630475 0.024324
816.345 0.594889 0.0227413
816.648 0.598692 0.0229916
816.95 0.596972 0.0232779
817.252 0.586905 0.0236294
817.554 0.58281 0.023606
817.856 0.61545 0.0248016
818.158 0.666418 0.0264687
818.46 0.685315 0.0274658
818.761 0.609729 0.0254151
819.063 0.628394 0.0257655
819.365 0.638644 0.0256304
819.666 0.58702 0.0231606
819.968 0.636114 0.0233261
820.269 0.59031 0.0215485
820.571 0.588807 0.0221103
820.872 0.630227 0.023675
821.173 0.611876 0.0243134
821.475 0.63453 0.02527
821.776 0.602208 0.0248581
822.077 0.659471 0.0261462
822.378 0.610625 0.0247095
822.679 0.654373 0.0262616
822.98 0.647111 0.026571
823.281 0.690843 0.0279817
823.581 0.655125 0.0270685
823.882 0.665091 0.0278327
824.183 0.68814 0.0275917
824.483 0.624844 0.0257552
824.784 0.581227 0.023444
825.084 0.593959 0.0239465
825.385 0.603998 0.0237677
825.685 0.617992 0.0249383
825.985 0.59796 0.0252245
826.286 0.629822 0.0257627
826.586 0.604829 0.0243847
826.886 0.592776 0.0240096
827.186 0.566072 0.023155
827.486 0.638692 0.0255507
827.786 0.635642 0.0263915
828.086 0.632056 0.0266359
828.386 0.63887 0.0258525
828.685 0.608839 0.0252294
828.985 0.683036 0.0276397
829.285 0.694623 0.0279663
829.584 0.635198 0.0268631
829.884 0.668727 0.0284256
830.183 0.690957 0.0291036
830.482 0.701442 0.030463
830.782 0.651073 0.0296212
831.081 0.806539 0.0348782
831.38 0.771129 0.0333822
831.679 0.671738 0.0290027
831.978 0.731472 0.0302525
832.277 0.633235 0.027619
832.576 0.667313 0.0286606
832.875 0.678457 0.029124
833.174 0.656585 0.0280244
833.472 0.649835 0.0288616
833.771 0.692469 0.0291378
834.07 0.654931 0.0277398
834.368 0.632289 0.0274155
834.667 0.629749 0.0279227
834.965 0.705932 0.0301463
835.263 0.707853 0.0304336
835.562 0.694707 0.0298683
835.86 0.627645 0.0284387
836.158 0.736525 0.0317497
836.456 0.764184 0.0339212
836.754 0.682816 0.0303264
837.052 0.693912 0.0314045
837.35 0.711494 0.0313209
837.648 0.79216 0.0346255
837.946 0.739284 0.0322967
838.243 0.731893 0.0329896
838.541 0.706071 0.0321991
838.839 0.713104 0.0310524
839.136 0.682501 0.0309783
839.434 0.729308 0.0319651
839.731 0.644112 0.029117
840.028 0.837517 0.0354194
840.326 0.753872 0.0321935
840.623 0.763684 0.0332729
840.92 0.745157 0.0330584
841.217 0.82551 0.0362803
841.514 0.805261 0.0348784
841.811 0.727646 0.0326108
842.108 0.764856 0.0336146
842.405 0.742385 0.0334625
842.701 0.704418 0.0315518
842.998 0.772614 0.0342954
843.295 0.719882 0.0325422
843.591 0.740401 0.0337646
843.888 0.799316 0.0350143
844.184 0.81466 0.0358429
844.481 0.696396 0.0323158
844.777 0.836293 0.037019
845.073 0.813827 0.0359647
845.369 0.755174 0.0338446
845.665 0.729648 0.0341311
845.962 0.755974 0.0344748
846.258 0.842763 0.0370794
846.553 0.8307 0.0374433
846.849 0.838418 0.0363726
847.145 0.770194 0.034284
847.441 0.767608 0.0347199
847.737 0.818643 0.0368998
848.032 0.748753 0.0338473
848.328 0.725159 0.0333464
848.623 0.912397 0.0409844
848.919 0.808441 0.0365242
849.214 0.806252 0.0357886
849.509 0.847936 0.037576
849.805 0.767087 0.0348788
850.1 0.713169 0.0342438
850.395 0.858506 0.0385636
850.69 0.81793 0.0374332
850.985 0.687813 0.0326856
851.28 0.708215 0.0338294
851.575 0.769883 0.0346222
851.869 0.782588 0.0350531
852.164 0.794779 0.0347965
852.459 0.721884 0.031831
852.753 0.625438 0.0289875
853.048 0.659359 0.0291222
853.342 0.58849 0.0264496
853.637 0.670602 0.0288472
853.931 0.707442 0.0296195
854.225 0.667558 0.0290223
854.52 0.657496 0.0288648
854.814 0.718116 0.0309723
855.108 0.811872 0.0344047
855.402 0.744609 0.0321661
855.696 0.75058 0.0330236
855.99 0.722188 0.0321832
856.283 0.679324 0.0310712
856.577 0.688742 0.0311164
856.871 0.747636 0.032144
857.164 0.769728 0.0335363
857.458 0.760469 0.0341598
857.751 0.675182 0.0313699
858.045 0.782166 0.0354193
858.338 0.689417 0.031856
858.632 0.801421 0.0358967
858.925 0.763911 0.0349401
859.218 0.819781 0.0363691
859.511 0.762591 0.0347358
859.804 0.81763 0.0368541
860.097 0.73264 0.0336904
860.39 0.819597 0.0366484
860.683 0.82743 0.036345
860.976 0.769868 0.0361476
861.268 0.822131 0.0369719
861.561 0.779177 0.0359381
861.854 0.841169 0.0374854
862.146 0.793116 0.036804
862.439 0.808856 0.0363334
862.731 0.842008 0.037272
863.023 0.794396 0.0353814
863.316 0.815975 0.0364449
863.608 0.700682 0.032029
863.9 0.809807 0.037694
864.192 0.785915 0.035777
864.484 0.801791 0.0368481
864.776 0.717629 0.0335271
865.068 0.8985 0.0392523
865.36 0.792997 0.0363569
865.651 0.7663 0.035801
865.943 0.8627 0.0389081
866.235 0.755917 0.0357393
866.526 0.883962 0.039437
866.818 0.89084 0.0392593
867.109 0.892222 0.0395828
867.4 0.777507 0.0357536
867.692 0.839814 0.0373413
867.983 0.751262 0.0352077
868.274 0.800624 0.0360047
868.565 0.785914 0.036075
868.856 0.86165 0.0384634
869.147 0.788059 0.0363261
869.438 0.867133 0.0400678
869.729 0.887186 0.0403634
870.02 0.860626 0.0392939
870.31 0.890259 0.0398759
870.601 0.833974 0.0371858
870.892 0.822106 0.0378269
871.182 0.833911 0.0386265
871.473 0.798513 0.0366534
871.763 0.849826 0.0387548
872.053 0.824313 0.0376803
872.343 0.777521 0.0360803
872.634 0.952053 0.0417278
872.924 0.911374 0.0419095
873.214 0.849806 0.0386399
873.504 0.819903 0.0383292
873.794 0.935408 0.0403869
874.084 0.849142 0.0380992
874.373 0.89905 0.0405006
874.663 0.763973 0.0360061
874.953 0.920564 0.0412332
875.242 0.844226 0.0389152
875.532 0.787927 0.0364965
875.821 0.840945 0.0391192
876.111 0.751817 0.0359121
876.4 0.760792 0.0354125
876.689 0.791244 0.0362331
876.978 0.828462 0.0379828
877.268 0.822953 0.0377752
877.557 0.84483 0.0382346
877.846 0.885287 0.0393632
878.134 0.91388 0.0410274
878.423 0.914048 0.041035
878.712 0.914217 0.0410425
