178.41 0.288638 0.083672
178.791 0.290466 0.0842018
179.172 0.29228 0.0847278
179.553 0.932066 0.932066
179.934 0.39013 0.39013
180.316 0.273094 0.273094
180.697 0.342152 0.342152
181.078 0.751933 0.751933
181.459 0.290242 0.290242
181.84 0.487542 0.487542
182.221 2.75957 2.75957
182.602 -0.954151 -0.954151
182.983 0.379508 0.0785712
183.364 1.21819 0.361909
183.744 0.488193 0.0746661
184.125 0.730373 0.0771813
184.506 0.361218 0.0480771
184.887 1.11234 0.0973229
185.268 0.883151 0.0762784
185.648 0.603905 0.0457123
186.029 0.571138 0.0428146
186.41 0.635028 0.0425284
186.791 0.592025 0.0382119
187.171 0.546087 0.0337948
187.552 0.622818 0.030482
187.932 0.542842 0.0260076
188.313 0.54697 0.0264129
188.694 0.544428 0.0246625
189.074 0.558908 0.0250571
189.455 0.570103 0.0246355
189.835 0.572202 0.0245323
190.216 0.53087 0.0229038
190.596 0.541309 0.0227728
190.977 0.539885 0.0221852
191.357 0.554851 0.0228002
191.737 0.55995 0.022613
192.118 0.596406 0.0237052
192.498 0.573763 0.0223981
192.878 0.535733 0.0210687
193.258 0.562135 0.0218315
193.639 0.61637 0.0228876
194.019 0.567402 0.0215892
194.399 0.56311 0.0214259
194.779 0.5798 0.0216824
195.159 0.547056 0.0204661
195.54 0.562259 0.0205447
195.92 0.536987 0.0197862
196.3 0.570918 0.0204634
196.68 0.591188 0.021213
197.06 0.56015 0.0202772
197.44 0.537624 0.0195634
197.82 0.56272 0.019883
198.2 0.545748 0.0194486
198.58 0.502629 0.0180551
198.959 0.528228 0.0184699
199.339 0.522855 0.0181881
199.719 0.541292 0.0190387
200.099 0.532374 0.0181389
200.479 0.535624 0.0180904
200.858 0.525381 0.0177159
201.238 0.543747 0.0182418
201.618 0.517977 0.0175
201.998 0.521004 0.0172985
202.377 0.503146 0.0168423
202.757 0.482757 0.0162163
203.136 0.493884 0.0165743
203.516 0.514102 0.01667
203.896 0.497381 0.0158895
204.275 0.509827 0.0162637
204.655 0.495114 0.0157179
205.034 0.495667 0.0156468
205.414 0.447051 0.0144573
205.793 0.467501 0.0146756
206.172 0.442108 0.0140672
206.552 0.451129 0.014273
206.931 0.467904 0.0142895
207.31 0.465036 0.0140659
207.69 0.451533 0.0135361
208.069 0.457452 0.0137206
208.448 0.451406 0.0133711
208.827 0.445487 0.0131763
209.207 0.429968 0.0126706
209.586 0.437025 0.012593
209.965 0.442727 0.012707
210.344 0.440412 0.0124019
210.723 0.433419 0.012103
211.102 0.431202 0.0118785
211.481 0.418926 0.0116601
211.86 0.426349 0.0116706
212.239 0.414014 0.0112621
212.618 0.410909 0.0111042
212.997 0.425415 0.011288
213.376 0.401395 0.0106781
213.755 0.396519 0.0104555
214.134 0.399779 0.0104503
214.513 0.403907 0.0104197
214.891 0.403428 0.0101679
215.27 0.390309 0.0099294
215.649 0.395858 0.00978625
216.028 0.392363 0.00967181
216.406 0.388741 0.00947701
216.785 0.399015 0.00953196
217.164 0.3921 0.00925985
217.542 0.391808 0.00910289
217.921 0.399038 0.00907657
218.3 0.401238 0.00910438
218.678 0.400437 0.00890332
219.057 0.403337 0.00884244
219.435 0.401345 0.00867694
219.814 0.401255 0.00855821
220.192 0.392377 0.00832905
220.57 0.401655 0.00830414
220.949 0.396622 0.00819622
221.327 0.39743 0.00802106
221.705 0.409596 0.00806339
222.084 0.413978 0.00797033
222.462 0.415821 0.00794124
222.84 0.418639 0.00784613
223.218 0.427239 0.0078159
223.597 0.420275 0.00760042
223.975 0.418569 0.0074536
224.353 0.42388 0.00738655
224.731 0.42768 0.00729709
225.109 0.438961 0.00734187
225.487 0.444092 0.00729237
225.865 0.453524 0.00725281
226.243 0.453094 0.00715086
226.621 0.45936 0.00708818
226.999 0.460932 0.00698427
227.377 0.46519 0.00692886
227.755 0.464111 0.00679807
228.133 0.463047 0.00670673
228.511 0.487552 0.0068601
228.889 0.489427 0.00674342
229.266 0.496256 0.0067432
229.644 0.491121 0.00656862
230.022 0.494832 0.00652216
230.4 0.500274 0.00648795
230.777 0.513929 0.00651117
231.155 0.519001 0.00646723
231.533 0.522461 0.00637612
231.91 0.524279 0.00630497
232.288 0.534475 0.00633269
232.665 0.535486 0.0062628
233.043 0.539243 0.00621264
233.42 0.554719 0.00626787
233.798 0.555135 0.0061855
234.175 0.56167 0.00616236
234.553 0.570266 0.00617688
234.93 0.572636 0.00610915
235.307 0.582042 0.00611979
235.685 0.580074 0.00602698
236.062 0.588607 0.00602945
236.439 0.594141 0.00601265
236.816 0.588737 0.00591072
237.194 0.601485 0.0059171
237.571 0.605265 0.00590165
237.948 0.616977 0.0059263
238.325 0.61955 0.00589177
238.702 0.620804 0.0058459
239.079 0.616146 0.00577355
239.456 0.620691 0.00575179
239.833 0.624369 0.00572274
240.21 0.631194 0.00572206
240.587 0.633489 0.00568752
240.964 0.645245 0.00570465
241.341 0.645405 0.00566746
241.718 0.642696 0.00560572
242.095 0.649423 0.00561185
242.472 0.65336 0.00557826
242.849 0.656951 0.00558574
243.225 0.651 0.00548823
243.602 0.659375 0.00552423
243.979 0.67134 0.00556286
244.356 0.667893 0.00549299
244.732 0.660513 0.00541064
245.109 0.675458 0.00546069
245.486 0.668409 0.00538754
245.862 0.67391 0.00540386
246.239 0.678616 0.00538809
246.615 0.680032 0.00535917
246.992 0.684241 0.00534628
247.368 0.68157 0.00531201
247.745 0.687157 0.00530654
248.121 0.684023 0.0052412
248.497 0.688461 0.0052726
248.874 0.69253 0.00526031
249.25 0.689512 0.00519571
249.626 0.695619 0.00520034
250.003 0.69092 0.0051593
250.379 0.696564 0.00514756
250.755 0.689948 0.0051017
251.131 0.69434 0.00508943
251.507 0.697906 0.00511422
251.884 0.702435 0.00507671
252.26 0.702234 0.00507486
252.636 0.703024 0.00503774
253.012 0.69931 0.0050062
253.388 0.701509 0.00499213
253.764 0.702237 0.00497898
254.14 0.704483 0.00497697
254.516 0.70641 0.00496843
254.892 0.710882 0.00497946
255.268 0.703747 0.0049327
255.643 0.70842 0.00493515
256.019 0.703823 0.00488927
256.395 0.707664 0.00490653
256.771 0.71169 0.00489307
257.147 0.705855 0.00486205
257.522 0.711775 0.00488742
257.898 0.712726 0.00486596
258.274 0.710707 0.00485568
258.649 0.717457 0.00486656
259.025 0.70838 0.00481283
259.4 0.706384 0.00479557
259.776 0.713813 0.0048193
260.151 0.713188 0.00482253
260.527 0.714087 0.00481753
260.902 0.71549 0.0047957
261.278 0.716471 0.00478993
261.653 0.716757 0.00479337
262.028 0.713336 0.00478237
262.404 0.721051 0.00480387
262.779 0.718312 0.00477622
263.154 0.719279 0.00476664
263.53 0.720236 0.00475142
263.905 0.717267 0.00475474
264.28 0.719018 0.00476501
264.655 0.719911 0.00475527
265.03 0.722091 0.004781
265.405 0.721847 0.00476286
265.781 0.720169 0.00474072
266.156 0.725893 0.00477997
266.531 0.722334 0.00473992
266.906 0.718407 0.00473112
267.281 0.720716 0.0047173
267.655 0.721835 0.00475629
268.03 0.719196 0.00473079
268.405 0.724807 0.00475801
268.78 0.728092 0.00477458
269.155 0.719926 0.00472466
269.53 0.723292 0.00473815
269.904 0.723176 0.0047361
270.279 0.724661 0.00475846
270.654 0.719478 0.00471814
271.029 0.723054 0.00474319
271.403 0.726009 0.00475245
271.778 0.72204 0.00473444
272.152 0.721344 0.00473903
272.527 0.718053 0.00472382
272.901 0.722962 0.00473116
273.276 0.725747 0.00473147
273.65 0.72116 0.00470476
274.025 0.732612 0.00477264
274.399 0.722641 0.00474339
274.774 0.725595 0.00473368
275.148 0.72666 0.00472841
275.522 0.719675 0.00469315
275.897 0.729157 0.00474406
276.271 0.724887 0.00473263
276.645 0.728165 0.00472917
277.019 0.728707 0.00473416
277.393 0.727254 0.00471603
277.768 0.730408 0.00474462
278.142 0.722335 0.00469934
278.516 0.730129 0.00476098
278.89 0.722714 0.0047144
279.264 0.726928 0.00474308
279.638 0.725431 0.00471639
280.012 0.725675 0.00471153
280.386 0.727313 0.00474613
280.76 0.723905 0.00471729
281.133 0.73074 0.00474437
281.507 0.723115 0.00471254
281.881 0.725342 0.00471454
282.255 0.729006 0.00473703
282.629 0.728791 0.00474661
283.002 0.721655 0.00472131
283.376 0.725661 0.0047317
283.75 0.727105 0.0047492
284.123 0.731195 0.00475436
284.497 0.726769 0.0047472
284.87 0.73026 0.00476129
285.244 0.72445 0.00472681
285.618 0.726494 0.00474351
285.991 0.726904 0.00476598
286.364 0.733197 0.00479436
286.738 0.729227 0.00477186
287.111 0.725445 0.00474084
287.485 0.727008 0.00477064
287.858 0.730015 0.00479093
288.231 0.726796 0.00478969
288.605 0.731244 0.0048131
288.978 0.730018 0.00479079
289.351 0.726427 0.00480063
289.724 0.724703 0.00481339
290.097 0.726835 0.00481251
290.47 0.728166 0.00483127
290.843 0.73358 0.00484489
291.217 0.728187 0.00484283
291.59 0.734242 0.00489256
291.963 0.730175 0.00486758
292.336 0.726428 0.00486805
292.708 0.730826 0.00487954
293.081 0.729639 0.00488478
293.454 0.734994 0.00490989
293.827 0.733137 0.00491942
294.2 0.731144 0.00493608
294.573 0.73102 0.00492095
294.945 0.728385 0.0049437
295.318 0.730342 0.00492654
295.691 0.733264 0.00496314
296.064 0.729969 0.00495692
296.436 0.726668 0.00495169
296.809 0.730935 0.00496832
297.181 0.732898 0.00498999
297.554 0.729101 0.00499057
297.926 0.734361 0.00500817
298.299 0.733454 0.00500833
298.671 0.730024 0.00497688
299.044 0.735445 0.00502199
299.416 0.728957 0.00499096
299.788 0.726956 0.0049909
300.161 0.730762 0.00500967
300.533 0.727571 0.00500162
300.905 0.731104 0.00498949
301.278 0.729115 0.00499055
301.65 0.729077 0.00498828
302.022 0.728739 0.00500877
302.394 0.731772 0.00502851
302.766 0.72568 0.00499645
303.138 0.730274 0.0050319
303.51 0.722394 0.00497036
303.882 0.728535 0.00501459
304.254 0.728062 0.00499884
304.626 0.72739 0.00499134
304.998 0.729546 0.00499448
305.37 0.729231 0.00502289
305.742 0.731815 0.00501388
306.114 0.726172 0.00499995
306.485 0.729921 0.00500275
306.857 0.725997 0.00498582
307.229 0.722659 0.00498489
307.601 0.724885 0.00500382
307.972 0.723531 0.00499389
308.344 0.724941 0.00500145
308.716 0.729302 0.00504412
309.087 0.728694 0.00501791
309.459 0.721581 0.00500574
309.83 0.728423 0.00502607
310.202 0.723615 0.00499686
310.573 0.724863 0.00500121
310.945 0.730623 0.0050426
311.316 0.728215 0.00504146
311.687 0.725881 0.00501187
312.059 0.723226 0.0050136
312.43 0.726188 0.00502998
312.801 0.723339 0.00500641
313.172 0.723279 0.00502711
313.544 0.719091 0.00501158
313.915 0.720379 0.00501016
314.286 0.722889 0.00502046
314.657 0.715301 0.00498475
315.028 0.719514 0.0050107
315.399 0.721487 0.00502013
315.77 0.725947 0.00503472
316.141 0.713042 0.00499272
316.512 0.720162 0.00502018
316.883 0.723904 0.00505813
317.254 0.719977 0.00504001
317.625 0.721656 0.00505566
317.996 0.718727 0.00503387
318.366 0.720882 0.00505078
318.737 0.717246 0.00503333
319.108 0.720622 0.00505226
319.478 0.719228 0.0050647
319.849 0.71509 0.00503439
320.22 0.72083 0.00506943
320.59 0.719514 0.00506239
320.961 0.717139 0.00506737
321.331 0.717653 0.00505743
321.702 0.721279 0.0051138
322.072 0.718343 0.00509645
322.443 0.722358 0.00511696
322.813 0.715595 0.00508105
323.184 0.724587 0.00513668
323.554 0.716459 0.00510807
323.924 0.709099 0.00507085
324.295 0.718388 0.00513108
324.665 0.711514 0.0051123
325.035 0.70983 0.00509328
325.405 0.710577 0.00511272
325.775 0.718402 0.00517265
326.145 0.714192 0.00515399
326.515 0.718572 0.00520231
326.886 0.716474 0.00519491
327.256 0.709661 0.00517109
327.626 0.711156 0.00521677
327.995 0.710778 0.00523438
328.365 0.701355 0.00520574
328.735 0.691444 0.00519037
329.105 0.686939 0.00521554
329.475 0.692357 0.0052837
329.845 0.700498 0.00533264
330.215 0.730264 0.00543244
330.584 0.743895 0.00542203
330.954 0.755582 0.00539484
331.324 0.748992 0.00524818
331.693 0.736438 0.00512264
332.063 0.734248 0.00508419
332.432 0.716516 0.00498989
332.802 0.693954 0.00490989
333.171 0.687414 0.00493232
333.541 0.689741 0.00502731
333.91 0.690118 0.00506681
334.28 0.701843 0.00514825
334.649 0.706564 0.00517855
335.018 0.705757 0.00518853
335.388 0.701304 0.00518448
335.757 0.704269 0.00519186
336.126 0.699146 0.00519287
336.495 0.706475 0.00522291
336.865 0.70121 0.00521132
337.234 0.707444 0.00526937
337.603 0.702209 0.00523504
337.972 0.708585 0.00527519
338.341 0.703362 0.00524062
338.71 0.705119 0.00526013
339.079 0.706035 0.00527036
339.448 0.703863 0.00524262
339.817 0.702496 0.00524806
340.186 0.697963 0.00524098
340.554 0.707938 0.00529345
340.923 0.702445 0.00526307
341.292 0.703242 0.00529449
341.661 0.698378 0.00526171
342.029 0.700503 0.00526394
342.398 0.7044 0.00530188
342.767 0.706749 0.00533016
343.135 0.699662 0.00527131
343.504 0.702702 0.00531918
343.872 0.700147 0.00527948
344.241 0.698204 0.00527432
344.609 0.697334 0.00528792
344.978 0.696943 0.00529262
345.346 0.694828 0.00526966
345.715 0.697349 0.00529972
346.083 0.695033 0.00528937
346.451 0.697159 0.00531522
346.82 0.692477 0.00529262
347.188 0.698292 0.00530931
347.556 0.696841 0.00532114
347.924 0.692925 0.00527952
348.292 0.701991 0.00538373
348.66 0.692081 0.00533159
349.028 0.692879 0.00531934
349.396 0.693459 0.00533095
349.764 0.693175 0.0053262
350.132 0.693693 0.00535733
350.5 0.689054 0.00531907
350.868 0.698466 0.00539204
351.236 0.69188 0.00535465
351.604 0.697633 0.00539477
351.972 0.698489 0.00540595
352.34 0.690114 0.00537239
352.707 0.691484 0.00537966
353.075 0.683165 0.00533505
353.443 0.687612 0.00537059
353.81 0.687455 0.00539166
354.178 0.688176 0.00539551
354.545 0.68504 0.00536301
354.913 0.689793 0.00539964
355.28 0.684703 0.00537016
355.648 0.689017 0.00539882
356.015 0.687629 0.00541155
356.383 0.687448 0.0054015
356.75 0.689907 0.00542989
357.117 0.684653 0.00540718
357.485 0.689552 0.00544578
357.852 0.688866 0.00543818
358.219 0.690523 0.00545075
358.586 0.686034 0.005428
358.954 0.686223 0.00543753
359.321 0.687502 0.00544648
359.688 0.687729 0.00546516
360.055 0.682753 0.00543542
360.422 0.684555 0.00543635
360.789 0.685038 0.00546377
361.156 0.686038 0.00546639
361.523 0.689052 0.00549969
361.89 0.689411 0.0055016
362.256 0.678991 0.00542488
362.623 0.689117 0.00550972
362.99 0.688301 0.00552854
363.357 0.688129 0.00552105
363.724 0.682974 0.00549253
364.09 0.683011 0.00550142
364.457 0.685018 0.00553429
364.823 0.680077 0.00547717
365.19 0.676809 0.00545983
365.557 0.685115 0.00551587
365.923 0.681076 0.00550031
366.29 0.680918 0.00550654
366.656 0.68764 0.00554058
367.022 0.682469 0.00549121
367.389 0.682639 0.00552792
367.755 0.680639 0.00550912
368.121 0.67962 0.00553599
368.488 0.678819 0.00552518
368.854 0.678387 0.00552558
369.22 0.68801 0.00560609
369.586 0.680878 0.00559027
369.952 0.677002 0.00558308
370.318 0.67115 0.00557629
370.684 0.683672 0.00564507
371.051 0.679498 0.00561758
371.416 0.682086 0.00565752
371.782 0.672163 0.00559822
372.148 0.679445 0.00563987
372.514 0.668842 0.00561913
372.88 0.673587 0.00563226
373.246 0.67444 0.00565312
373.612 0.669533 0.00562087
373.977 0.671676 0.00560943
374.343 0.670634 0.00560112
374.709 0.673506 0.0055949
375.074 0.680504 0.00564488
375.44 0.672826 0.00562638
375.806 0.674816 0.00566273
376.171 0.676363 0.00566428
376.537 0.669763 0.00561717
376.902 0.674321 0.00566117
377.268 0.677554 0.00565232
377.633 0.675097 0.00562997
377.998 0.667943 0.00556018
378.364 0.668994 0.00554465
378.729 0.671245 0.00554397
379.094 0.676961 0.00558671
379.459 0.674961 0.0056464
379.825 0.670216 0.00562651
380.19 0.67188 0.00563631
380.555 0.680045 0.00572112
380.92 0.671748 0.00572982
381.285 0.671785 0.00575535
381.65 0.662556 0.00568234
382.015 0.66922 0.00568811
382.38 0.673631 0.00573316
382.745 0.672732 0.00577547
383.11 0.666918 0.00574009
383.474 0.667577 0.00574512
383.839 0.661335 0.00571714
384.204 0.665269 0.00576076
384.569 0.660971 0.00573899
384.933 0.665001 0.00576799
385.298 0.665888 0.00581155
385.663 0.674419 0.00586097
386.027 0.660354 0.00576226
386.392 0.661575 0.00574869
386.756 0.661681 0.00571222
387.121 0.664094 0.00572877
387.485 0.653711 0.00563762
387.849 0.657785 0.00561912
388.214 0.669856 0.00575014
388.578 0.668222 0.00574279
388.942 0.667472 0.00580709
389.307 0.659021 0.00574273
389.671 0.654888 0.00575765
390.035 0.657378 0.00573717
390.399 0.662263 0.00576035
390.763 0.660469 0.00572296
391.127 0.650047 0.00563478
391.492 0.653461 0.00559005
391.856 0.656045 0.00555241
392.219 0.651579 0.00545997
392.583 0.665919 0.00555826
392.947 0.668817 0.00565383
393.311 0.662362 0.00569865
393.675 0.655914 0.00569594
394.039 0.659324 0.00572556
394.403 0.659678 0.00574857
394.766 0.665187 0.00580999
395.13 0.657782 0.00578186
395.494 0.654343 0.0057588
395.857 0.65624 0.00576361
396.221 0.657298 0.0057402
396.584 0.652124 0.00568112
396.948 0.645775 0.00559385
397.311 0.640564 0.00548646
397.675 0.651754 0.00550104
398.038 0.656665 0.00550481
398.401 0.663606 0.00560897
398.765 0.661546 0.00568405
399.128 0.667176 0.00579254
399.491 0.660632 0.00580286
399.854 0.651368 0.00578466
400.218 0.64849 0.00576024
400.581 0.655512 0.00585196
400.944 0.652043 0.00582872
401.307 0.656423 0.00594659
401.67 0.651526 0.00590883
402.033 0.653726 0.0059235
402.396 0.649476 0.00590903
402.759 0.645173 0.00588713
403.122 0.646974 0.00588934
403.485 0.645836 0.00587493
403.847 0.64399 0.00583105
404.21 0.645539 0.00581036
404.573 0.647938 0.00579751
404.936 0.642332 0.00572032
405.298 0.650134 0.0058288
405.661 0.659558 0.00595775
406.023 0.66047 0.00603051
406.386 0.64843 0.00598936
406.749 0.647589 0.00603871
407.111 0.651428 0.00608658
407.473 0.63689 0.00593489
407.836 0.642854 0.00591291
408.198 0.646369 0.00591522
408.561 0.648329 0.00592565
408.923 0.638448 0.00585938
409.285 0.641775 0.00586662
409.647 0.650429 0.00599298
410.009 0.651896 0.00605493
410.372 0.646891 0.00603101
410.734 0.648067 0.00606687
411.096 0.645088 0.00604919
411.458 0.63768 0.00601673
411.82 0.63812 0.00597773
412.182 0.642352 0.00593732
412.544 0.646149 0.0059785
412.906 0.641449 0.00595594
413.267 0.647144 0.00597015
413.629 0.642648 0.00601067
413.991 0.646433 0.00606086
414.353 0.644492 0.00605997
414.714 0.651558 0.0061724
415.076 0.643823 0.00611601
415.438 0.644498 0.00611304
415.799 0.641615 0.00606428
416.161 0.642239 0.00612572
416.522 0.645916 0.00618155
416.884 0.639416 0.00615224
417.245 0.645486 0.00619245
417.607 0.644041 0.00617541
417.968 0.641567 0.00618664
418.329 0.636538 0.00611792
418.691 0.639254 0.00613683
419.052 0.644849 0.00615418
419.413 0.637696 0.00610658
419.774 0.63495 0.00605284
420.135 0.632249 0.00592378
420.497 0.626523 0.00580218
420.858 0.631864 0.00574591
421.219 0.648557 0.00580609
421.58 0.645721 0.00584094
421.941 0.640297 0.0058875
422.302 0.640107 0.00600812
422.662 0.645564 0.00606556
423.023 0.639074 0.00606756
423.384 0.640289 0.00609741
423.745 0.637746 0.00606454
424.106 0.62862 0.00602149
424.466 0.631316 0.00598487
424.827 0.640271 0.00607586
425.187 0.654782 0.00626377
425.548 0.648622 0.00631142
425.909 0.638564 0.00628248
426.269 0.628697 0.0061923
426.63 0.628711 0.00616927
426.99 0.631094 0.00610811
427.35 0.631185 0.0061345
427.711 0.633659 0.00614246
428.071 0.622444 0.00603086
428.431 0.619493 0.00592
428.792 0.616207 0.0057182
429.152 0.626048 0.0055932
429.512 0.630623 0.0055801
429.872 0.636123 0.00561717
430.232 0.635102 0.00566953
430.592 0.650588 0.00590633
430.952 0.651966 0.00608878
431.312 0.637904 0.00615599
431.672 0.635953 0.006272
432.032 0.63192 0.00625808
432.392 0.632938 0.00621716
432.752 0.599249 0.0057768
433.111 0.620833 0.0057061
433.471 0.638026 0.00581531
433.831 0.66254 0.00616511
434.19 0.631506 0.00604097
434.55 0.624864 0.00599855
434.91 0.635417 0.00613039
435.269 0.632744 0.00606439
435.629 0.627721 0.00601134
435.988 0.63476 0.00602371
436.348 0.636777 0.00606984
436.707 0.638674 0.0061893
437.066 0.627936 0.00614433
437.426 0.622898 0.0060882
437.785 0.623383 0.00605169
438.144 0.630199 0.00607386
438.503 0.628532 0.00612332
438.862 0.629218 0.00614758
439.222 0.629758 0.00617999
439.581 0.63415 0.00625826
439.94 0.621701 0.00617438
440.299 0.608194 0.00589547
440.658 0.609465 0.00570069
441.017 0.62188 0.00573535
441.376 0.636479 0.00585215
441.734 0.633813 0.00591847
442.093 0.628234 0.00590935
442.452 0.615544 0.00581221
442.811 0.617501 0.00577534
443.169 0.624422 0.00582498
443.528 0.640087 0.00598486
443.887 0.626745 0.00594642
444.245 0.623941 0.00593462
444.604 0.632831 0.00605604
444.962 0.632242 0.00609428
445.321 0.616702 0.00600881
445.679 0.610812 0.00595487
446.038 0.62334 0.00598855
446.396 0.630484 0.00608179
446.754 0.625208 0.00614789
447.112 0.63079 0.00619286
447.471 0.629509 0.00624423
447.829 0.61832 0.00621494
448.187 0.617341 0.00618752
448.545 0.621663 0.00620001
448.903 0.629288 0.00625052
449.261 0.623037 0.00623676
449.619 0.626633 0.00630256
449.977 0.623251 0.00629931
450.335 0.629033 0.0063957
450.693 0.621572 0.00638729
451.051 0.627426 0.0064375
451.409 0.611197 0.00633296
451.766 0.634106 0.00649938
452.124 0.625832 0.00652911
452.482 0.622833 0.00656179
452.839 0.623808 0.00660961
453.197 0.624001 0.00669066
453.555 0.622416 0.00669318
453.912 0.622304 0.00673094
454.27 0.601695 0.00647365
454.627 0.625255 0.0065468
454.984 0.618966 0.00647985
455.342 0.635751 0.00666197
455.699 0.624472 0.00665942
456.056 0.627052 0.00668557
456.414 0.604859 0.00648061
456.771 0.615135 0.00646811
457.128 0.621017 0.00645543
457.485 0.61337 0.00634777
457.842 0.616245 0.00640066
458.199 0.619388 0.00642938
458.556 0.618486 0.00636457
458.913 0.617516 0.00637909
459.27 0.619914 0.00633855
459.627 0.626995 0.00643482
459.984 0.613559 0.00634014
460.341 0.622491 0.00640195
460.697 0.630418 0.00650935
461.054 0.633776 0.00668435
461.411 0.630316 0.00681141
461.767 0.624469 0.00686315
462.124 0.612424 0.00683773
462.481 0.606488 0.00669877
462.837 0.608448 0.00661845
463.194 0.610094 0.00647971
463.55 0.618454 0.00655878
463.907 0.606084 0.00633873
464.263 0.613273 0.00628618
464.619 0.604107 0.00614406
464.976 0.606229 0.00604254
465.332 0.615266 0.00606889
465.688 0.627719 0.00624108
466.044 0.64222 0.00656768
466.4 0.63737 0.00669277
466.756 0.626722 0.00669345
467.112 0.614327 0.00660481
467.468 0.617831 0.00665442
467.824 0.615624 0.00663225
468.18 0.630032 0.00682362
468.536 0.618406 0.00679418
468.892 0.622589 0.00688556
469.248 0.614682 0.0068732
469.604 0.613865 0.00692767
469.959 0.617644 0.00697958
470.315 0.610622 0.00690459
470.671 0.608132 0.00689898
471.026 0.611509 0.00686433
471.382 0.613716 0.00682196
471.737 0.614225 0.00675692
472.093 0.605615 0.00661915
472.448 0.607303 0.00653125
472.804 0.604695 0.00640636
473.159 0.607598 0.00639433
473.514 0.619241 0.00646162
473.87 0.604158 0.0063193
474.225 0.587913 0.00606465
474.58 0.599549 0.00598968
474.935 0.617044 0.0060828
475.29 0.623303 0.00619295
475.645 0.616263 0.00619826
476 0.606451 0.00614983
476.355 0.616904 0.00626243
476.71 0.612784 0.00625876
477.065 0.605217 0.00609696
477.42 0.590118 0.00588421
477.775 0.610047 0.0059929
478.13 0.609583 0.00599557
478.485 0.604579 0.00596658
478.839 0.598357 0.00590063
479.194 0.597487 0.00574895
479.549 0.594016 0.0056107
479.903 0.61336 0.00571023
480.258 0.62238 0.00584017
480.612 0.595368 0.00561763
480.967 0.593706 0.00549851
481.321 0.605848 0.00552214
481.675 0.614164 0.00565969
482.03 0.617312 0.00579092
482.384 0.605637 0.00576224
482.738 0.602687 0.005717
483.093 0.601154 0.00568766
483.447 0.586487 0.0054786
483.801 0.588327 0.00534733
484.155 0.600002 0.00531858
484.509 0.535946 0.00466999
484.863 0.419429 0.00277399
485.217 0.545231 0.00277271
485.571 0.639223 0.00296997
485.925 0.806112 0.00406312
486.279 0.708147 0.00453785
486.632 0.612164 0.00460789
486.986 0.623259 0.00504732
487.34 0.631672 0.00545754
487.694 0.609546 0.00555177
488.047 0.599609 0.00557147
488.401 0.597428 0.00555484
488.754 0.605216 0.0056259
489.108 0.611763 0.00573427
489.461 0.609075 0.00578023
489.815 0.605267 0.00582958
490.168 0.598478 0.00572836
490.522 0.596429 0.00569947
490.875 0.604372 0.0057448
491.228 0.607336 0.00578747
491.581 0.594489 0.00569045
491.935 0.606245 0.00576181
492.288 0.602849 0.00576416
492.641 0.597506 0.00570592
492.994 0.594862 0.00567712
493.347 0.598175 0.00565819
493.7 0.59655 0.00562079
494.053 0.602113 0.00566543
494.406 0.620767 0.00582854
494.759 0.612446 0.00592423
495.111 0.577985 0.00561866
495.464 0.575891 0.00536978
495.817 0.587325 0.00526707
496.169 0.628115 0.00559595
496.522 0.635193 0.00584707
496.875 0.619577 0.00599221
497.227 0.597335 0.00592702
497.58 0.594536 0.00595054
497.932 0.595433 0.00590369
498.285 0.590963 0.0058402
498.637 0.586506 0.00568348
498.989 0.593031 0.0056326
499.342 0.60135 0.00567472
499.694 0.614242 0.00585058
500.046 0.60725 0.00592115
500.398 0.580876 0.00565316
500.751 0.588656 0.00559272
501.103 0.595117 0.00563772
501.455 0.602942 0.00566345
501.807 0.596905 0.00564477
502.159 0.599286 0.00565664
502.511 0.599326 0.00566599
502.862 0.601711 0.00568983
503.214 0.60872 0.00579598
503.566 0.612317 0.00591861
503.918 0.59592 0.0059158
504.27 0.587171 0.00585586
504.621 0.597728 0.0059128
504.973 0.604467 0.00600413
505.324 0.592391 0.00592346
505.676 0.582765 0.00577172
506.027 0.592259 0.0057917
506.379 0.620806 0.00611685
506.73 0.60643 0.00617801
507.082 0.583379 0.00600558
507.433 0.577375 0.00588703
507.784 0.595521 0.00593778
508.136 0.603856 0.00605578
508.487 0.600497 0.00606552
508.838 0.599298 0.00614426
509.189 0.596434 0.00613347
509.54 0.587051 0.00601562
509.891 0.602232 0.00615626
510.242 0.588849 0.00606735
510.593 0.595394 0.00614183
510.944 0.599297 0.00620675
511.295 0.602468 0.00631624
511.646 0.599195 0.00640815
511.996 0.591003 0.00633065
512.347 0.584495 0.00624872
512.698 0.601638 0.00632547
513.049 0.590755 0.00628017
513.399 0.602273 0.00642912
513.75 0.596547 0.00636911
514.1 0.601888 0.00645491
514.451 0.612144 0.00667668
514.801 0.605808 0.00669148
515.152 0.59151 0.00652755
515.502 0.582014 0.00635707
515.852 0.590508 0.00634645
516.202 0.593269 0.00635812
516.553 0.610065 0.00651958
516.903 0.607619 0.00660317
517.253 0.601295 0.00667832
517.603 0.595067 0.00668788
517.953 0.581181 0.00653633
518.303 0.579736 0.00642183
518.653 0.587592 0.00636764
519.003 0.609867 0.00654495
519.353 0.618873 0.00680634
519.703 0.615483 0.006988
520.052 0.591295 0.00686006
520.402 0.593967 0.00685835
520.752 0.592772 0.00677652
521.102 0.598988 0.00683664
521.451 0.604838 0.00697538
521.801 0.585045 0.00684169
522.15 0.588267 0.00681607
522.5 0.588843 0.00673643
522.849 0.596026 0.00679545
523.199 0.582392 0.00662946
523.548 0.596378 0.00669185
523.897 0.593389 0.00666223
524.246 0.605812 0.00686852
524.596 0.605666 0.00698056
524.945 0.589149 0.00683708
525.294 0.590689 0.00683933
525.643 0.58912 0.00683723
525.992 0.593569 0.00684779
526.341 0.58718 0.00675767
526.69 0.599343 0.00689645
527.039 0.602634 0.00697666
527.388 0.591623 0.00695328
527.737 0.573664 0.00666536
528.086 0.573342 0.00645454
528.434 0.589903 0.00641123
528.783 0.616316 0.00663691
529.132 0.60952 0.00673717
529.48 0.600778 0.00679939
529.829 0.60391 0.00688977
530.177 0.600187 0.0069119
530.526 0.59012 0.0068993
530.874 0.586516 0.00680724
531.223 0.585898 0.00678909
531.571 0.583245 0.00677072
531.919 0.594465 0.00685384
532.268 0.57336 0.00655661
532.616 0.573611 0.00633885
532.964 0.586247 0.00628511
533.312 0.601635 0.00638355
533.66 0.592394 0.0063328
534.008 0.587876 0.00628691
534.356 0.58962 0.00628628
534.704 0.593529 0.00636999
535.052 0.591146 0.00641513
535.4 0.600698 0.00660313
535.748 0.601691 0.00678645
536.095 0.596151 0.00692761
536.443 0.58141 0.00687314
536.791 0.568795 0.00668838
537.139 0.5766 0.00656686
537.486 0.590053 0.00650798
537.834 0.592965 0.00645518
538.181 0.592668 0.00642832
538.529 0.592895 0.00643078
538.876 0.590005 0.00642769
539.223 0.599153 0.0065465
539.571 0.59162 0.00664324
539.918 0.585767 0.00660619
540.265 0.57449 0.00643006
540.613 0.580838 0.00637147
540.96 0.589495 0.0064626
541.307 0.595966 0.00651995
541.654 0.594789 0.00655423
542.001 0.586949 0.00646519
542.348 0.583945 0.00646063
542.695 0.581728 0.00645603
543.042 0.580974 0.00635889
543.388 0.580398 0.00628797
543.735 0.58642 0.00629257
544.082 0.587095 0.00629663
544.429 0.589505 0.00631591
544.775 0.597975 0.00649181
545.122 0.606309 0.00672711
545.469 0.592489 0.00678533
545.815 0.578437 0.0066963
546.162 0.578813 0.00664966
546.508 0.574147 0.00648416
546.854 0.571952 0.00629801
547.201 0.570022 0.0060078
547.547 0.589577 0.00604721
547.893 0.599265 0.00619056
548.24 0.610573 0.00652328
548.586 0.598321 0.00681355
548.932 0.581227 0.00681266
549.278 0.588113 0.00692959
549.624 0.57361 0.00675282
549.97 0.595071 0.00695297
550.316 0.604926 0.00716557
550.662 0.580173 0.0070669
551.008 0.558077 0.00670253
551.353 0.571682 0.00640217
551.699 0.580596 0.00620997
552.045 0.614023 0.00652068
552.391 0.599986 0.00661629
552.736 0.585079 0.00657002
553.082 0.579171 0.0065623
553.427 0.596315 0.00673296
553.773 0.604338 0.00701237
554.118 0.583706 0.00696514
554.464 0.568558 0.00669043
554.809 0.560062 0.00640367
555.154 0.587031 0.00640041
555.5 0.593945 0.00648198
555.845 0.610255 0.0067571
556.19 0.593739 0.00681856
556.535 0.58939 0.00698489
556.88 0.569537 0.00681237
557.225 0.58887 0.00687977
557.57 0.590584 0.00696911
557.915 0.606613 0.00727691
558.26 0.592441 0.00726844
558.605 0.584834 0.00724614
558.95 0.56767 0.00702383
559.295 0.553198 0.00659519
559.639 0.569888 0.00641375
559.984 0.571159 0.00619767
560.329 0.585511 0.00620401
560.673 0.594772 0.0062683
561.018 0.601183 0.00645522
561.362 0.589121 0.00653871
561.707 0.578891 0.00665239
562.051 0.565545 0.00652019
562.395 0.576049 0.00655527
562.74 0.577272 0.00641377
563.084 0.578798 0.00632195
563.428 0.572838 0.00614775
563.772 0.588887 0.0062594
564.117 0.5789 0.00616277
564.461 0.580778 0.00614355
564.805 0.586166 0.00623812
565.149 0.576438 0.00616259
565.493 0.578171 0.00615357
565.836 0.565461 0.00599904
566.18 0.579012 0.0060003
566.524 0.544885 0.0054689
566.868 0.575971 0.00543008
567.212 0.580277 0.0053473
567.555 0.573207 0.0052498
567.899 0.552177 0.00494897
568.242 0.562525 0.0047828
568.586 0.54926 0.00445038
568.929 0.551056 0.0041704
569.273 0.559859 0.00395724
569.616 0.581874 0.00398388
569.96 0.565203 0.00387591
570.303 0.562894 0.0037519
570.646 0.572603 0.00372645
570.989 0.557367 0.0035759
571.333 0.582715 0.00365378
571.676 0.58792 0.00377642
572.019 0.599796 0.00413338
572.362 0.525874 0.00375897
572.705 0.535615 0.00352048
573.048 0.562762 0.00340934
573.391 0.5676 0.00331325
573.733 0.570798 0.00324857
574.076 0.566739 0.00320123
574.419 0.586672 0.00330632
574.762 0.580774 0.00346344
575.104 0.589451 0.00371757
575.447 0.541104 0.00361864
575.789 0.537881 0.00341821
576.132 0.552863 0.00323517
576.474 0.572745 0.00327225
576.817 0.544568 0.00297102
577.159 0.561613 0.00284651
577.501 0.608424 0.00292575
577.844 0.618599 0.00311155
578.186 0.605673 0.0034323
578.528 0.54975 0.00347335
578.87 0.550266 0.00349418
579.212 0.539388 0.00338964
579.554 0.559032 0.00330946
579.896 0.575377 0.00338247
580.238 0.547261 0.00318342
580.58 0.531027 0.00275196
580.922 0.61874 0.00285742
581.264 0.68777 0.00301253
581.606 0.64043 0.00292543
581.947 0.597541 0.00298846
582.289 0.599722 0.0032911
582.631 0.575036 0.00358217
582.972 0.551391 0.00377626
583.314 0.537038 0.00374275
583.655 0.549778 0.00370804
583.997 0.532802 0.0033644
584.338 0.555301 0.00316317
584.679 0.569247 0.00305597
585.021 0.59943 0.00315913
585.362 0.596611 0.00337317
585.703 0.58355 0.00358509
586.044 0.534675 0.00352626
586.385 0.535464 0.00335702
586.726 0.549555 0.00323406
587.067 0.600495 0.00344359
587.408 0.586201 0.0036018
587.749 0.573132 0.00372927
588.09 0.569206 0.0038799
588.431 0.578705 0.0041131
588.772 0.562824 0.00426913
589.113 0.541684 0.0041449
589.453 0.567035 0.00422088
589.794 0.578619 0.00435235
590.134 0.587722 0.00460582
590.475 0.561208 0.00464622
590.815 0.554478 0.00460874
591.156 0.567414 0.00465339
591.496 0.551981 0.00454652
591.837 0.509202 0.00378775
592.177 0.548994 0.00355402
592.517 0.575245 0.00341162
592.857 0.603633 0.00362847
593.198 0.588828 0.00379414
593.538 0.586178 0.00415154
593.878 0.545802 0.00421892
594.218 0.530242 0.00407586
594.558 0.552376 0.00397936
594.898 0.582134 0.0041402
595.237 0.593477 0.00439971
595.577 0.56888 0.00459982
595.917 0.565181 0.00485043
596.257 0.533286 0.00460733
596.596 0.549516 0.00454872
596.936 0.571276 0.00449324
597.276 0.579232 0.00469391
597.615 0.552321 0.00458276
597.955 0.511402 0.00396082
598.294 0.565148 0.00382107
598.633 0.587468 0.00385286
598.973 0.587195 0.00399878
599.312 0.550731 0.00389305
599.651 0.570144 0.00395337
599.991 0.574569 0.00407334
600.33 0.567188 0.00409041
600.669 0.571202 0.00422799
601.008 0.577222 0.00437728
601.347 0.568323 0.00452615
601.686 0.544844 0.00434814
602.025 0.572631 0.00445687
602.364 0.541767 0.00416081
602.702 0.571279 0.00419252
603.041 0.568752 0.00416277
603.38 0.581469 0.00436423
603.719 0.574807 0.0045571
604.057 0.564087 0.00467589
604.396 0.553048 0.00463391
604.734 0.536523 0.00445536
605.073 0.543814 0.00409668
605.411 0.586389 0.00425612
605.75 0.581479 0.00432297
606.088 0.571233 0.00455341
606.426 0.543518 0.00438955
606.764 0.55451 0.0043591
607.103 0.580931 0.00451707
607.441 0.569543 0.00467131
607.779 0.55878 0.00475983
608.117 0.554446 0.00471812
608.455 0.583882 0.00498253
608.793 0.553984 0.00498609
609.131 0.531427 0.00462068
609.469 0.563303 0.00458321
609.806 0.58526 0.00465459
610.144 0.592314 0.00502501
610.482 0.546345 0.00496772
610.819 0.560335 0.00500149
611.157 0.558908 0.00501233
611.495 0.576702 0.00525615
611.832 0.556536 0.00522429
612.17 0.556163 0.00518514
612.507 0.562808 0.00514704
612.844 0.569877 0.00522041
613.182 0.565563 0.00522835
613.519 0.555279 0.00515113
613.856 0.564367 0.00515977
614.193 0.553224 0.00509112
614.53 0.558641 0.00499489
614.867 0.563123 0.00494626
615.205 0.593955 0.00533942
615.541 0.565356 0.00537246
615.878 0.55622 0.00558353
616.215 0.55222 0.00557003
616.552 0.562569 0.00565061
616.889 0.554853 0.0055285
617.226 0.570834 0.00550548
617.562 0.578392 0.0056399
617.899 0.581169 0.00599459
618.235 0.571288 0.00627552
618.572 0.55625 0.00646212
618.908 0.536092 0.00622727
619.245 0.555056 0.00605794
619.581 0.56867 0.005969
619.918 0.61528 0.00654796
620.254 0.60094 0.00730164
620.59 0.534366 0.00719583
620.926 0.532865 0.00680063
621.262 0.567305 0.00663209
621.599 0.59757 0.00668186
621.935 0.561044 0.00650361
622.271 0.569239 0.00631158
622.606 0.572077 0.00613903
622.942 0.586621 0.00629249
623.278 0.579364 0.00649669
623.614 0.53346 0.00599568
623.95 0.57258 0.00611233
624.285 0.580877 0.00622772
624.621 0.590184 0.00660873
624.957 0.567005 0.00671762
625.292 0.563462 0.006846
625.628 0.566749 0.00713183
625.963 0.552214 0.0071311
626.299 0.558334 0.00704304
626.634 0.559773 0.00692948
626.969 0.57768 0.00712102
627.304 0.603306 0.00774991
627.64 0.571507 0.00814354
627.975 0.547653 0.00800883
628.31 0.53594 0.00755175
628.645 0.571429 0.00748971
628.98 0.598023 0.00779188
629.315 0.570644 0.00770936
629.65 0.559583 0.00770887
629.985 0.562443 0.00773612
630.319 0.58364 0.00819649
630.654 0.55939 0.00816733
630.989 0.563485 0.00814498
631.323 0.579922 0.00842378
631.658 0.586355 0.00871641
631.993 0.576324 0.00904279
632.327 0.566088 0.00904229
632.662 0.571012 0.0090628
632.996 0.568411 0.00892041
633.33 0.589048 0.0089972
633.665 0.605576 0.00928069
633.999 0.575585 0.00929691
634.333 0.575573 0.00941833
634.667 0.566617 0.00935109
635.001 0.563989 0.00906604
635.335 0.559311 0.00875313
635.669 0.568884 0.00847032
636.003 0.586209 0.00860241
636.337 0.58941 0.00896553
636.671 0.577625 0.00931075
637.005 0.562392 0.00957276
637.339 0.560631 0.00958992
637.672 0.551113 0.00926228
638.006 0.574408 0.00921287
638.339 0.595774 0.00936422
638.673 0.589492 0.00963837
639.006 0.57776 0.00976972
639.34 0.567121 0.00978015
639.673 0.571168 0.00991132
640.007 0.569459 0.00991025
640.34 0.578278 0.0100813
640.673 0.59137 0.0104148
641.006 0.58425 0.0104613
641.34 0.585996 0.0105586
641.673 0.588989 0.0108419
642.006 0.579455 0.0109547
642.339 0.572939 0.0107672
642.672 0.592912 0.0108557
643.004 0.590075 0.010876
643.337 0.601831 0.011219
643.67 0.553935 0.0108654
644.003 0.563394 0.0107715
644.336 0.595764 0.0111432
644.668 0.580826 0.0110339
645.001 0.586521 0.0112238
645.333 0.599235 0.0115136
645.666 0.606422 0.0119114
645.998 0.596561 0.0121097
646.331 0.568373 0.0118254
646.663 0.573135 0.0118579
646.995 0.556014 0.0111036
647.327 0.560494 0.0104226
647.66 0.575708 0.00980873
647.992 0.590006 0.00967069
648.324 0.582296 0.0095214
648.656 0.59085 0.00971225
648.988 0.59318 0.0100446
649.32 0.582045 0.0105118
649.652 0.571862 0.0110417
649.983 0.555931 0.0111761
650.315 0.565351 0.0114359
650.647 0.558912 0.0111812
650.979 0.568379 0.0108018
651.31 0.565644 0.0103775
651.642 0.566667 0.0100078
651.973 0.575923 0.0100544
652.305 0.576737 0.0100544
652.636 0.576306 0.0100982
652.967 0.583242 0.0104424
653.299 0.556898 0.0103844
653.63 0.546015 0.0103317
653.961 0.541022 0.00979196
654.292 0.477754 0.00769117
654.623 0.251197 0.00231381
654.955 0.901309 0.00343571
655.286 0.901254 0.0034355
655.616 0.901198 0.00343529
655.947 0.901141 0.00343507
656.278 0.901083 0.00343485
656.609 0.407727 0.00231045
656.94 0.336433 0.00263943
657.27 0.306661 0.00298584
657.601 0.325112 0.00352298
657.932 0.37231 0.00448388
658.262 0.439167 0.00594497
658.593 0.513766 0.00784882
658.923 0.572086 0.00990123
659.254 0.566943 0.0109795
659.584 0.574999 0.0118782
659.914 0.569291 0.0123658
660.244 0.582602 0.0129358
660.575 0.57708 0.0129542
660.905 0.584362 0.0130376
661.235 0.584814 0.0128709
661.565 0.588737 0.0127614
661.895 0.601287 0.0128636
662.225 0.595449 0.012985
662.555 0.594748 0.0130913
662.884 0.579801 0.0129162
663.214 0.603019 0.012922
663.544 0.592018 0.0126317
663.873 0.610131 0.0128051
664.203 0.570484 0.0120083
664.533 0.601991 0.0122381
664.862 0.595856 0.0119988
665.192 0.602976 0.0122848
665.521 0.605581 0.0128532
665.85 0.603719 0.0133937
666.18 0.607234 0.0139311
666.509 0.573953 0.0134917
666.838 0.594587 0.013673
667.167 0.602113 0.0135313
667.496 0.609778 0.0136901
667.825 0.578418 0.0132641
668.154 0.578238 0.0133029
668.483 0.599316 0.0135659
668.812 0.601448 0.0132961
669.141 0.602489 0.0131909
669.47 0.596733 0.0128118
669.798 0.600395 0.0129451
670.127 0.614809 0.013409
670.456 0.551704 0.0121931
670.784 0.54755 0.0109455
671.113 0.56355 0.0101263
671.441 0.578992 0.0095745
671.77 0.597995 0.00978024
672.098 0.610767 0.0102404
672.426 0.614245 0.0112453
672.755 0.564141 0.0115454
673.083 0.556272 0.0118214
673.411 0.556037 0.0119152
673.739 0.58818 0.0123339
674.067 0.589234 0.0127357
674.395 0.585201 0.0130096
674.723 0.562482 0.0123977
675.051 0.588738 0.0125443
675.379 0.611789 0.0128337
675.706 0.597009 0.0126618
676.034 0.594625 0.0128907
676.362 0.598214 0.0131587
676.689 0.550493 0.0119841
677.017 0.565272 0.0112453
677.344 0.592125 0.0110139
677.672 0.605415 0.0111567
677.999 0.605168 0.0114929
678.327 0.570223 0.0109774
678.654 0.543404 0.0101512
678.981 0.578126 0.0101781
679.308 0.588655 0.0102156
679.636 0.597571 0.0106736
679.963 0.591384 0.0111398
680.29 0.571479 0.0112792
680.617 0.57332 0.0110972
680.944 0.577187 0.0109183
681.271 0.610352 0.0112761
681.597 0.580353 0.0116359
681.924 0.587484 0.0125145
682.251 0.554944 0.0124818
682.578 0.54656 0.0118349
682.904 0.561179 0.0112328
683.231 0.571926 0.010823
683.557 0.578298 0.0105852
683.884 0.574085 0.010312
684.21 0.570206 0.00995544
684.536 0.561733 0.0095397
684.863 0.580986 0.00958398
685.189 0.57692 0.00957953
685.515 0.589435 0.0101061
685.841 0.5698 0.0103454
686.167 0.574688 0.0105463
686.493 0.54931 0.0100759
686.819 0.573322 0.0103496
687.145 0.589868 0.0108621
687.471 0.58723 0.0116076
687.797 0.571638 0.0120326
688.123 0.557336 0.0117749
688.448 0.551185 0.0115287
688.774 0.5723 0.0112869
689.1 0.586966 0.0115502
689.425 0.588623 0.0119773
689.751 0.566247 0.011987
690.076 0.5483 0.01139
690.402 0.557222 0.0106912
690.727 0.576724 0.0104901
691.052 0.592962 0.0107572
691.377 0.593432 0.0111566
691.703 0.57268 0.0111834
692.028 0.583139 0.0114651
692.353 0.568027 0.0109902
692.678 0.567986 0.0109838
693.003 0.575308 0.0112135
693.328 0.619514 0.0126203
693.652 0.579373 0.0129424
693.977 0.545031 0.0124386
694.302 0.553591 0.0119222
694.627 0.584606 0.0118027
694.951 0.613905 0.0124774
695.276 0.613882 0.013469
695.6 0.561597 0.013489
695.925 0.536649 0.0119963
696.249 0.56382 0.0107634
696.574 0.583765 0.0100959
696.898 0.625615 0.0106844
697.222 0.591646 0.0109645
697.546 0.581728 0.011353
697.871 0.570595 0.0116025
698.195 0.583303 0.0118636
698.519 0.58132 0.0120716
698.843 0.584818 0.0123939
699.167 0.581122 0.012819
699.491 0.574536 0.0131983
699.814 0.585081 0.0136404
700.138 0.583688 0.0135915
700.462 0.583271 0.0137066
700.786 0.583005 0.0137235
701.109 0.572311 0.0132945
701.433 0.576702 0.0127891
701.756 0.585943 0.0124816
702.08 0.591289 0.0124584
702.403 0.600439 0.0126652
702.726 0.593582 0.013108
703.05 0.595326 0.0135687
703.373 0.589529 0.0137733
703.696 0.573704 0.0135676
704.019 0.61053 0.0144273
704.342 0.600404 0.0147476
704.665 0.586393 0.0151161
704.988 0.574438 0.0151351
705.311 0.574833 0.0144445
705.634 0.55109 0.0129205
705.957 0.574816 0.0117967
706.28 0.584715 0.0109672
706.602 0.597964 0.010739
706.925 0.594566 0.0108087
707.247 0.58702 0.0111461
707.57 0.584333 0.0116474
707.892 0.574494 0.0118315
708.215 0.57089 0.0123313
708.537 0.568051 0.0128054
708.859 0.586984 0.0132698
709.182 0.586321 0.0131894
709.504 0.561142 0.0124372
709.826 0.587807 0.0124666
710.148 0.590393 0.0125812
710.47 0.604913 0.013056
710.792 0.595429 0.0133474
711.114 0.580791 0.0135795
711.436 0.586632 0.0141222
711.758 0.58248 0.013897
712.079 0.588516 0.0137938
712.401 0.584363 0.0133016
712.723 0.577804 0.012577
713.044 0.568851 0.0118881
713.366 0.590306 0.0117872
713.687 0.583593 0.0116788
714.009 0.591329 0.0121668
714.33 0.577016 0.0122301
714.652 0.59997 0.0128452
714.973 0.593917 0.0131907
715.294 0.593512 0.0137849
715.615 0.60099 0.0147224
715.936 0.572446 0.0147428
716.257 0.587622 0.0151959
716.578 0.588316 0.015297
716.899 0.576856 0.0149426
717.22 0.577362 0.0139487
717.541 0.591565 0.0137459
717.862 0.60511 0.0135834
718.182 0.600329 0.0137385
718.503 0.586505 0.0132196
718.824 0.604609 0.0135969
719.144 0.60847 0.0138027
719.465 0.612372 0.0142272
719.785 0.59301 0.0138885
720.105 0.567895 0.0132098
720.426 0.578974 0.013219
720.746 0.613783 0.0138052
721.066 0.591438 0.0136146
721.386 0.594138 0.0138057
721.706 0.598147 0.014228
722.026 0.598869 0.0144051
722.346 0.597704 0.0146542
722.666 0.586012 0.0144014
722.986 0.583636 0.0140705
723.306 0.608169 0.0144119
723.626 0.609566 0.0146981
723.946 0.604028 0.0146503
724.265 0.563473 0.0135669
724.585 0.578867 0.0130455
724.904 0.589475 0.0127924
725.224 0.603362 0.0130563
725.543 0.59335 0.012929
725.863 0.585579 0.0128618
726.182 0.587742 0.0132102
726.501 0.587276 0.0137332
726.82 0.578344 0.0137418
727.14 0.569866 0.0131413
727.459 0.567957 0.0128287
727.778 0.581233 0.0127749
728.097 0.592808 0.0130785
728.416 0.562462 0.012575
728.734 0.564691 0.0123029
729.053 0.586776 0.0123391
729.372 0.591871 0.0123842
729.691 0.549057 0.0116885
730.009 0.547727 0.0110408
730.328 0.556141 0.0107747
730.647 0.586788 0.0110242
730.965 0.573362 0.0111628
731.283 0.581577 0.0116864
731.602 0.57075 0.0118777
731.92 0.570728 0.0117871
732.238 0.562351 0.0113894
732.557 0.565923 0.0111325
732.875 0.567657 0.0111028
733.193 0.545218 0.0102974
733.511 0.580434 0.0102196
733.829 0.58347 0.0103372
734.147 0.602412 0.0111556
734.465 0.579257 0.0115831
734.782 0.543726 0.0112163
735.1 0.560885 0.0112468
735.418 0.564065 0.0111653
735.735 0.555891 0.0110119
736.053 0.579353 0.0113102
736.371 0.569914 0.0111777
736.688 0.570321 0.0114988
737.005 0.586271 0.0123557
737.323 0.586297 0.01297
737.64 0.560941 0.0128671
737.957 0.558847 0.0124152
738.274 0.544692 0.0111642
738.592 0.57673 0.0109801
738.909 0.59234 0.0112594
739.226 0.606258 0.012346
739.543 0.587001 0.0131146
739.86 0.56982 0.0135414
740.176 0.5708 0.0141207
740.493 0.593822 0.0150578
740.81 0.599661 0.0153585
741.127 0.56949 0.0146288
741.443 0.574197 0.0142242
741.76 0.579663 0.0136155
742.076 0.590654 0.0136694
742.393 0.604789 0.0143161
742.709 0.603516 0.0151439
743.025 0.600229 0.0157202
743.342 0.586856 0.0153759
743.658 0.576535 0.0150078
743.974 0.582896 0.0147808
744.29 0.612201 0.0148681
744.606 0.618027 0.0152216
744.922 0.590674 0.0150104
745.238 0.60657 0.0152285
745.554 0.621004 0.0156656
745.87 0.584744 0.0153412
746.186 0.583828 0.0149612
746.501 0.592131 0.0145224
746.817 0.617569 0.0147132
747.132 0.613334 0.0155386
747.448 0.584096 0.0159618
747.763 0.590817 0.0161421
748.079 0.571026 0.0153126
748.394 0.568111 0.0141907
748.71 0.572193 0.0132957
749.025 0.558938 0.012239
749.34 0.579127 0.0121917
749.655 0.575912 0.0122357
749.97 0.583707 0.012807
750.285 0.551605 0.0126271
750.6 0.559592 0.0125845
750.915 0.55276 0.0120398
751.23 0.575626 0.0123999
751.545 0.549486 0.01247
751.859 0.582341 0.0134669
752.174 0.55579 0.013638
752.489 0.540938 0.0127629
752.803 0.548272 0.0121371
753.118 0.576295 0.01218
753.432 0.574963 0.0124241
753.747 0.574169 0.0129709
754.061 0.544625 0.0123988
754.375 0.5496 0.0119084
754.689 0.551753 0.0115856
755.004 0.563864 0.0115078
755.318 0.549021 0.0112126
755.632 0.545828 0.0107281
755.946 0.544959 0.01044
756.26 0.541001 0.0100439
756.573 0.532909 0.00940596
756.887 0.542049 0.00920687
757.201 0.558346 0.0093723
757.515 0.563116 0.0101772
757.828 0.532972 0.01068
758.142 0.500937 0.010479
758.455 0.480934 0.00964474
758.769 0.530047 0.00956161
759.082 0.550804 0.00956661
759.396 0.530973 0.00917916
759.709 0.537175 0.00914715
760.022 0.541034 0.00912949
760.335 0.562838 0.00972526
760.648 0.544782 0.0101809
760.962 0.53988 0.0109059
761.275 0.526916 0.0114334
761.587 0.513871 0.0115645
761.9 0.533845 0.0118711
762.213 0.511238 0.0112652
762.526 0.526194 0.01101
762.839 0.536594 0.0110691
763.151 0.527279 0.0107009
763.464 0.524416 0.0101277
763.776 0.518714 0.00941869
764.089 0.5476 0.00926985
764.401 0.553785 0.00957196
764.714 0.549055 0.0100233
765.026 0.53385 0.0105286
765.338 0.522459 0.0110655
765.65 0.54779 0.0122641
765.962 0.515592 0.0125321
766.275 0.507045 0.0129532
766.587 0.50878 0.0131472
766.898 0.510592 0.0128166
767.21 0.536613 0.0125792
767.522 0.521274 0.0114219
767.834 0.536998 0.011027
768.146 0.551164 0.0112035
768.457 0.557429 0.0117033
768.769 0.535989 0.0121084
769.08 0.529626 0.0123401
769.392 0.511907 0.0117683
769.703 0.524534 0.0112906
770.015 0.533087 0.0109174
770.326 0.552182 0.0110308
770.637 0.553278 0.0113825
770.948 0.561172 0.0122456
771.26 0.528166 0.0127126
771.571 0.507766 0.012679
771.882 0.538617 0.0130382
772.193 0.528948 0.0126178
772.504 0.537382 0.0129074
772.814 0.533913 0.0133785
773.125 0.552439 0.0138161
773.436 0.549695 0.0140969
773.747 0.546222 0.0145222
774.057 0.540743 0.0148425
774.368 0.531556 0.0147693
774.678 0.575099 0.0157324
774.989 0.574198 0.0161657
775.299 0.567866 0.0165141
775.609 0.543644 0.0161673
775.919 0.566027 0.0163178
776.23 0.552924 0.01594
776.54 0.585327 0.0166579
776.85 0.584081 0.0164991
777.16 0.559026 0.0160376
777.47 0.552961 0.0152489
777.78 0.543729 0.0142487
778.089 0.53248 0.0133193
778.399 0.568854 0.0137298
778.709 0.554078 0.0138257
779.019 0.560886 0.0147068
779.328 0.557985 0.0156123
779.638 0.510372 0.0149962
779.947 0.519471 0.014178
780.257 0.509059 0.0126453
780.566 0.543923 0.0124567
780.875 0.548488 0.0125448
781.185 0.539928 0.0130806
781.494 0.516005 0.013272
781.803 0.49501 0.0130831
782.112 0.521692 0.0137938
782.421 0.522589 0.0137079
782.73 0.525515 0.0134669
783.039 0.55476 0.013862
783.348 0.544482 0.0144133
783.656 0.558706 0.015875
783.965 0.508305 0.015355
784.274 0.519711 0.0151934
784.582 0.545662 0.0150637
784.891 0.549515 0.0148317
785.199 0.546315 0.0148858
785.508 0.568528 0.0157829
785.816 0.530605 0.0155119
786.124 0.55999 0.0159187
786.432 0.525161 0.0144576
786.741 0.534849 0.0140511
787.049 0.543142 0.0139882
787.357 0.521659 0.0136782
787.665 0.512062 0.0134864
787.973 0.52577 0.0137993
788.281 0.552103 0.0145893
788.588 0.530898 0.0148871
788.896 0.534533 0.0158412
789.204 0.50652 0.0159049
789.511 0.526295 0.0164938
789.819 0.540925 0.0167997
790.126 0.529237 0.0167442
790.434 0.540749 0.0170509
790.741 0.579968 0.0178008
791.049 0.534533 0.016869
791.356 0.565665 0.0178166
791.663 0.571703 0.0188245
791.97 0.553576 0.0181501
792.277 0.590639 0.0193595
792.584 0.529302 0.0170371
792.891 0.502854 0.0145958
793.198 0.518465 0.0136392
793.505 0.529725 0.0134204
793.812 0.527788 0.013545
794.119 0.517681 0.0138127
794.425 0.503597 0.0138817
794.732 0.500119 0.014438
795.038 0.545962 0.0167128
795.345 0.499892 0.0172022
795.651 0.51057 0.0183537
795.958 0.507743 0.0185387
796.264 0.545812 0.0185001
796.57 0.544879 0.0174471
796.876 0.566236 0.0173289
797.183 0.572395 0.017845
797.489 0.583433 0.0187194
797.795 0.551179 0.0183634
798.101 0.591367 0.0192439
798.406 0.564137 0.018621
798.712 0.571352 0.0189643
799.018 0.574453 0.0196891
799.324 0.543241 0.019304
799.629 0.560187 0.0197935
799.935 0.591938 0.0203833
800.24 0.570271 0.0201498
800.546 0.580756 0.0201609
800.851 0.60189 0.0214033
801.157 0.60434 0.0217404
801.462 0.579047 0.0216031
801.767 0.591358 0.022071
802.072 0.557829 0.0206336
802.377 0.564403 0.0200559
802.682 0.57875 0.0198036
802.987 0.557889 0.019534
803.292 0.606781 0.0215234
803.597 0.602727 0.0218023
803.902 0.61518 0.022106
804.207 0.585823 0.0209596
804.511 0.588328 0.0206427
804.816 0.55707 0.0194783
805.12 0.545456 0.0179165
805.425 0.530643 0.0165888
805.729 0.549943 0.0167861
806.034 0.563533 0.0175161
806.338 0.5455 0.0178854
806.642 0.528099 0.0183267
806.946 0.528333 0.0182851
807.251 0.521961 0.0181818
807.555 0.54365 0.0184869
807.859 0.530545 0.0181182
808.162 0.523164 0.0180756
808.466 0.573207 0.0196595
808.77 0.540297 0.019508
809.074 0.541645 0.0199885
809.378 0.54496 0.0204687
809.681 0.575521 0.0214378
809.985 0.562558 0.0210794
810.288 0.543836 0.0204265
810.592 0.591736 0.0220331
810.895 0.56891 0.0217268
811.198 0.588628 0.0225077
811.502 0.620309 0.0246112
811.805 0.583687 0.023485
812.108 0.602808 0.0244342
812.411 0.568847 0.0225895
812.714 0.584042 0.020739
813.017 0.543583 0.018935
813.32 0.531605 0.0186849
813.623 0.556383 0.019328
813.926 0.611216 0.0221834
814.228 0.571949 0.022337
814.531 0.595316 0.0234633
814.833 0.562216 0.0230478
815.136 0.55607 0.0229714
815.438 0.608758 0.0245613
815.741 0.613929 0.024358
816.043 0.58392 0.0234087
816.345 0.575399 0.0223657
816.648 0.573899 0.0225105
816.95 0.618229 0.0236887
817.252 0.623741 0.0243597
817.554 0.638792 0.0247137
817.856 0.593592 0.0243572
818.158 0.644614 0.0260321
818.46 0.642528 0.0265946
818.761 0.617759 0.0255819
819.063 0.671718 0.0266389
819.365 0.673823 0.0263268
819.666 0.626012 0.0239175
819.968 0.602926 0.0227094
820.269 0.549556 0.0207913
820.571 0.581002 0.0219633
820.872 0.58462 0.0228023
821.173 0.617016 0.0244153
821.475 0.568038 0.0239094
821.776 0.605338 0.0249226
822.077 0.630933 0.0255743
822.378 0.597816 0.024449
822.679 0.63908 0.0259529
822.98 0.647973 0.0265887
823.281 0.671836 0.0275941
823.581 0.668042 0.0273341
823.882 0.679208 0.0281265
824.183 0.636995 0.0265465
824.483 0.647328 0.0262145
824.784 0.602863 0.0238764
825.084 0.593621 0.0239397
825.385 0.566596 0.02302
825.685 0.595399 0.0244782
825.985 0.63317 0.0259566
826.286 0.619895 0.0255588
826.586 0.613953 0.0245679
826.886 0.595751 0.0240698
827.186 0.560371 0.0230381
827.486 0.581584 0.0243817
827.786 0.579977 0.0252095
828.086 0.61257 0.0262221
828.386 0.642061 0.025917
828.685 0.583591 0.0247007
828.985 0.598972 0.025883
829.285 0.590213 0.0257789
829.584 0.600025 0.0261088
829.884 0.662142 0.0282853
830.183 0.654402 0.0283232
830.482 0.715995 0.0307773
830.782 0.696475 0.0306366
831.081 0.746992 0.033566
831.38 0.794381 0.0338818
831.679 0.635085 0.0282004
831.978 0.695587 0.0295011
832.277 0.628717 0.0275203
832.576 0.650831 0.0283045
832.875 0.686533 0.0292968
833.174 0.633105 0.0275187
833.472 0.725708 0.0305
833.771 0.636426 0.0279338
834.07 0.624547 0.0270887
834.368 0.647374 0.0277406
834.667 0.650388 0.0283766
834.965 0.679206 0.0295701
835.263 0.685884 0.0299576
835.562 0.652021 0.0289362
835.86 0.677641 0.0295497
836.158 0.720525 0.031403
836.456 0.791844 0.0345296
836.754 0.715196 0.0310371
837.052 0.743401 0.0325051
837.35 0.663292 0.0302413
837.648 0.740974 0.0334881
837.946 0.742783 0.032373
838.243 0.759209 0.0335996
838.541 0.716394 0.0324336
838.839 0.717999 0.0311588
839.136 0.710735 0.0316126
839.434 0.752663 0.0324728
839.731 0.698906 0.0303302
840.028 0.740152 0.033297
840.326 0.697258 0.0309611
840.623 0.709728 0.032076
840.92 0.772935 0.0336689
841.217 0.861115 0.0370544
841.514 0.725043 0.0330956
841.811 0.708894 0.0321879
842.108 0.752608 0.0333444
842.405 0.689639 0.0322519
842.701 0.698312 0.0314147
842.998 0.793668 0.0347595
843.295 0.692653 0.0319208
843.591 0.792276 0.0349274
843.888 0.77094 0.0343872
844.184 0.744326 0.0342607
844.481 0.677996 0.031886
844.777 0.815285 0.0365511
845.073 0.74113 0.0343208
845.369 0.747772 0.0336783
845.665 0.813357 0.0360358
845.962 0.743821 0.0341966
846.258 0.850528 0.0372498
846.553 0.795629 0.0366443
846.849 0.757313 0.0345686
847.145 0.715101 0.0330351
847.441 0.770638 0.0347883
847.737 0.816181 0.0368442
848.032 0.708283 0.0329199
848.328 0.681103 0.0323175
848.623 0.878338 0.0402121
848.919 0.802253 0.0363842
849.214 0.790382 0.0354346
849.509 0.767042 0.0357387
849.805 0.753036 0.0345578
850.1 0.758353 0.035312
850.395 0.817607 0.0376338
850.69 0.799839 0.0370169
850.985 0.749865 0.0341282
851.28 0.768198 0.0352329
851.575 0.718098 0.0334375
851.869 0.757985 0.0344977
852.164 0.713853 0.0329775
852.459 0.621837 0.0295431
852.753 0.700432 0.0306762
853.048 0.674241 0.029449
853.342 0.581999 0.0263033
853.637 0.622318 0.0277893
853.931 0.652169 0.0284389
854.225 0.661401 0.0288882
854.52 0.683651 0.0294333
854.814 0.663093 0.0297621
855.108 0.74689 0.0329992
855.402 0.742553 0.0321217
855.696 0.727827 0.0325192
855.99 0.742023 0.0326222
856.283 0.747369 0.0325902
856.577 0.702603 0.031428
856.871 0.643668 0.0298253
857.164 0.728612 0.0326283
857.458 0.718149 0.0331957
857.751 0.68709 0.0316453
858.045 0.739743 0.0344454
858.338 0.730676 0.0327954
858.632 0.796308 0.035782
858.925 0.769712 0.0350725
859.218 0.802759 0.0359895
859.511 0.78539 0.0352512
859.804 0.801965 0.0364994
860.097 0.747048 0.03402
860.39 0.749279 0.035041
860.683 0.780686 0.0353035
860.976 0.749043 0.0356554
861.268 0.778154 0.0359694
861.561 0.803046 0.0364844
861.854 0.807409 0.0367255
862.146 0.818699 0.0373929
862.439 0.766618 0.035372
862.731 0.831152 0.0370309
863.023 0.717842 0.0336334
863.316 0.832953 0.0368221
863.608 0.740051 0.0329165
863.9 0.926677 0.0403223
864.192 0.756696 0.0351057
864.484 0.890561 0.0388344
864.776 0.789963 0.0351762
865.068 0.855098 0.0382925
865.36 0.795264 0.0364088
865.651 0.794199 0.0364469
865.943 0.843169 0.0384652
866.235 0.823422 0.0373009
866.526 0.82444 0.0380862
866.818 0.836254 0.0380375
867.109 0.89461 0.0396358
867.4 0.799341 0.0362521
867.692 0.793075 0.0362873
867.983 0.774098 0.0357388
868.274 0.755952 0.0349858
868.565 0.812591 0.0366822
868.856 0.832804 0.0378141
869.147 0.764666 0.0357829
869.438 0.849674 0.0396624
869.729 0.911555 0.0409139
870.02 0.822341 0.0384099
870.31 0.83389 0.0385928
870.601 0.718573 0.0345173
870.892 0.877784 0.0390868
871.182 0.839386 0.038753
871.473 0.795064 0.0365741
871.763 0.811086 0.0378611
872.053 0.835439 0.0379338
872.343 0.78549 0.0362648
872.634 0.868418 0.0398529
872.924 0.940244 0.0425681
873.214 0.851176 0.0386711
873.504 0.847749 0.0389746
873.794 0.797287 0.0372861
874.084 0.778697 0.0364846
874.373 0.885987 0.0402053
874.663 0.815391 0.037198
874.953 0.831876 0.0391967
875.242 0.81714 0.0382858
875.532 0.848734 0.0378786
875.821 0.83101 0.0388875
876.111 0.793107 0.0368851
876.4 0.77238 0.0356812
876.689 0.76901 0.0357204
876.978 0.770525 0.0366306
877.268 0.82037 0.0377158
877.557 0.794129 0.0370696
877.846 0.855884 0.038704
878.134 0.864113 0.0398946
878.423 0.864272 0.039902
878.712 0.864431 0.0399093
