2.00000000000000e+002    8.80939947780679e+000
2.01031411157993e+002    8.80069625761532e+000
2.01969057665260e+002    8.77980852915579e+000
2.03000468823254e+002    8.76240208877284e+000
2.04031879981247e+002    8.69451697127937e+000
2.04969526488514e+002    8.67536988685814e+000
2.06000937646507e+002    8.66144473455178e+000
2.07032348804501e+002    8.64751958224543e+000
2.07969995311767e+002    8.63011314186249e+000
2.09001406469761e+002    8.59704090513490e+000
2.10032817627754e+002    8.57441253263708e+000
2.10970464135021e+002    8.56048738033072e+000
2.12001875293015e+002    8.53611836379460e+000
2.13033286451008e+002    8.52741514360313e+000
2.13970932958275e+002    8.48215839860748e+000
2.15002344116268e+002    8.45778938207137e+000
2.16033755274262e+002    8.44038294168842e+000
2.16971401781528e+002    8.42297650130548e+000
2.18002812939522e+002    8.39686684073107e+000
2.19034224097515e+002    8.37597911227154e+000
2.19971870604782e+002    8.36031331592689e+000
2.21003281762775e+002    8.34464751958225e+000
2.22034692920769e+002    8.31331592689295e+000
2.22972339428036e+002    8.30113141862489e+000
2.24003750586029e+002    8.29416884247171e+000
2.25035161744023e+002    8.25935596170583e+000
2.25972808251289e+002    8.23846823324630e+000
2.27004219409283e+002    8.22280243690165e+000
2.28035630567276e+002    8.21235857267189e+000
2.28973277074543e+002    8.19669277632724e+000
2.30004688232536e+002    8.17406440382942e+000
2.31036099390530e+002    8.15839860748477e+000
2.31973745897797e+002    8.13402959094865e+000
2.33005157055790e+002    8.12880765883377e+000
2.34036568213783e+002    8.12532637075718e+000
2.34974214721050e+002    8.11488250652742e+000
2.36005625879044e+002    8.06440382941688e+000
2.37037037037037e+002    8.05918189730200e+000
2.37974683544304e+002    8.04699738903394e+000
2.39006094702297e+002    8.04177545691906e+000
2.40037505860291e+002    8.03307223672759e+000
2.40975152367557e+002    8.01044386422977e+000
2.42006563525551e+002    7.99477806788512e+000
2.43037974683544e+002    7.97911227154047e+000
2.43975621190811e+002    7.94952132288947e+000
2.45007032348805e+002    7.94604003481288e+000
2.46038443506798e+002    7.92863359442994e+000
2.46976090014065e+002    7.92341166231506e+000
2.48007501172058e+002    7.90600522193211e+000
2.49038912330052e+002    7.89730200174064e+000
2.49976558837318e+002    7.89033942558747e+000
2.51007969995312e+002    7.87641427328111e+000
2.52039381153305e+002    7.86074847693647e+000
2.52977027660572e+002    7.85204525674500e+000
2.54008438818565e+002    7.83986074847694e+000
2.55039849976559e+002    7.83289817232376e+000
2.55977496483826e+002    7.82419495213229e+000
2.57008907641819e+002    7.79982593559617e+000
2.58040318799813e+002    7.78416013925152e+000
2.58977965307079e+002    7.77197563098346e+000
2.60009376465073e+002    7.76675369886858e+000
2.61040787623066e+002    7.75979112271540e+000
2.61978434130333e+002    7.74934725848564e+000
2.63009845288326e+002    7.73020017406440e+000
2.64041256446320e+002    7.71975630983464e+000
2.64978902953587e+002    7.71975630983464e+000
2.66010314111580e+002    7.70757180156658e+000
2.67041725269573e+002    7.70583115752829e+000
2.67979371776840e+002    7.69190600522193e+000
2.69010782934834e+002    7.67972149695387e+000
2.70042194092827e+002    7.66579634464752e+000
2.70979840600094e+002    7.66057441253264e+000
2.72011251758087e+002    7.66231505657093e+000
2.73042662916081e+002    7.66231505657093e+000
2.73980309423347e+002    7.66057441253264e+000
2.75011720581341e+002    7.64838990426458e+000
2.76043131739334e+002    7.63098346388164e+000
2.76980778246601e+002    7.62053959965187e+000
2.78012189404594e+002    7.61705831157528e+000
2.79043600562588e+002    7.59791122715405e+000
2.79981247069855e+002    7.58398607484769e+000
2.81012658227848e+002    7.57702349869452e+000
2.82044069385842e+002    7.56483899042646e+000
2.82981715893108e+002    7.56309834638816e+000
2.84013127051102e+002    7.55439512619669e+000
2.85044538209095e+002    7.54743255004352e+000
2.85982184716362e+002    7.54743255004352e+000
2.87013595874355e+002    7.53698868581375e+000
2.88045007032349e+002    7.52654482158399e+000
2.88982653539616e+002    7.51087902523934e+000
2.90014064697609e+002    7.47780678851175e+000
2.91045475855602e+002    7.47780678851175e+000
2.91983122362869e+002    7.47432550043516e+000
2.93014533520863e+002    7.47258485639687e+000
2.94045944678856e+002    7.45169712793734e+000
2.94983591186123e+002    7.44647519582245e+000
2.96015002344116e+002    7.45517841601393e+000
2.97046413502110e+002    7.43951261966928e+000
2.97984060009376e+002    7.42036553524804e+000
2.99015471167370e+002    7.41166231505657e+000
3.00046882325363e+002    7.40469973890339e+000
3.00984528832630e+002    7.39599651871192e+000
3.02015939990624e+002    7.38555265448216e+000
3.02953586497890e+002    7.38903394255875e+000
3.03984997655884e+002    7.39251523063534e+000
3.05016408813877e+002    7.39947780678851e+000
3.05954055321144e+002    7.40469973890339e+000
3.06985466479137e+002    7.39425587467363e+000
3.08016877637131e+002    7.38555265448216e+000
3.08954524144398e+002    7.37510879025239e+000
3.09985935302391e+002    7.32985204525674e+000
3.11017346460384e+002    7.32114882506527e+000
3.11954992967651e+002    7.32114882506527e+000
3.12986404125645e+002    7.33681462140992e+000
3.14017815283638e+002    7.34899912967798e+000
3.14955461790905e+002    7.35073977371628e+000
3.15986872948898e+002    7.34725848563969e+000
3.17018284106892e+002    7.34377719756310e+000
3.17955930614158e+002    7.33507397737163e+000
3.18987341772152e+002    7.31940818102698e+000
3.20018752930145e+002    7.29329852045257e+000
3.20956399437412e+002    7.28981723237598e+000
3.21987810595406e+002    7.31592689295039e+000
3.23019221753399e+002    7.30548302872063e+000
3.23956868260666e+002    7.29155787641427e+000
3.24988279418659e+002    7.27589208006963e+000
3.26019690576653e+002    7.26022628372498e+000
3.26957337083919e+002    7.25848563968668e+000
3.27988748241913e+002    7.27415143603133e+000
3.29020159399906e+002    7.26196692776327e+000
3.29957805907173e+002    7.25152306353351e+000
3.30989217065166e+002    7.24978241949521e+000
3.32020628223160e+002    7.24281984334204e+000
3.32958274730427e+002    7.26370757180157e+000
3.33989685888420e+002    7.28285465622280e+000
3.35021097046414e+002    7.18189730200174e+000
3.35958743553680e+002    7.18015665796345e+000
3.36990154711674e+002    7.18015665796345e+000
3.38021565869667e+002    7.24281984334204e+000
3.38959212376934e+002    7.21845082680592e+000
3.39990623534927e+002    7.19408181026980e+000
3.41022034692921e+002    7.19930374238468e+000
3.41959681200188e+002    7.20452567449956e+000
3.42991092358181e+002    7.21148825065274e+000
3.44022503516174e+002    7.21148825065274e+000
3.44960150023441e+002    7.19060052219321e+000
3.45991561181435e+002    7.16797214969539e+000
3.47022972339428e+002    7.16449086161880e+000
3.47960618846695e+002    7.16449086161880e+000
3.48992030004688e+002    7.20278503046127e+000
3.50023441162682e+002    7.16449086161880e+000
3.50961087669948e+002    7.17667536988686e+000
3.51992498827942e+002    7.18537859007833e+000
3.53023909985935e+002    7.18537859007833e+000
3.53961556493202e+002    7.18189730200174e+000
3.54992967651196e+002    7.15752828546562e+000
3.56024378809189e+002    7.14186248912097e+000
3.56962025316456e+002    7.14012184508268e+000
3.57993436474449e+002    7.14186248912097e+000
3.59024847632443e+002    7.14012184508268e+000
3.59962494139709e+002    7.12097476066145e+000
3.60993905297703e+002    7.13141862489121e+000
3.62025316455696e+002    7.14186248912097e+000
3.62962962962963e+002    7.13838120104439e+000
3.63994374120956e+002    7.12445604873803e+000
3.65025785278950e+002    7.12097476066145e+000
3.65963431786217e+002    7.11401218450827e+000
3.66994842944210e+002    7.11053089643168e+000
3.68026254102203e+002    7.11053089643168e+000
3.68963900609470e+002    7.11053089643168e+000
3.69995311767464e+002    7.11227154046997e+000
3.71026722925457e+002    7.10182767624021e+000
3.71964369432724e+002    7.08442123585727e+000
3.72995780590717e+002    7.08616187989556e+000
3.74027191748711e+002    7.08442123585727e+000
3.74964838255978e+002    7.08616187989556e+000
3.75996249413971e+002    7.08616187989556e+000
3.77027660571964e+002    7.07745865970409e+000
3.77965307079231e+002    7.07223672758921e+000
3.78996718237225e+002    7.06353350739774e+000
3.80028129395218e+002    7.06005221932115e+000
3.80965775902485e+002    7.05831157528285e+000
3.81997187060478e+002    7.05483028720627e+000
3.83028598218472e+002    7.05483028720627e+000
3.83966244725738e+002    7.05134899912968e+000
3.84997655883732e+002    7.04786771105309e+000
3.86029067041725e+002    7.04612706701480e+000
3.86966713548992e+002    7.04090513489991e+000
3.87998124706985e+002    7.03916449086162e+000
3.89029535864979e+002    7.03568320278503e+000
3.89967182372246e+002    7.03220191470844e+000
3.90998593530239e+002    7.03220191470844e+000
3.92030004688233e+002    7.03220191470844e+000
3.92967651195499e+002    7.03046127067015e+000
3.93999062353493e+002    7.02697998259356e+000
3.95030473511486e+002    7.02349869451697e+000
3.95968120018753e+002    7.02001740644038e+000
3.96999531176746e+002    7.01827676240209e+000
3.98030942334740e+002    7.01131418624891e+000
3.98968588842007e+002    7.01131418624891e+000
4.00000000000000e+002    7.00783289817232e+000
4.01031411157993e+002    7.00609225413403e+000
4.01969057665260e+002    7.00087032201915e+000
4.03000468823254e+002    7.00087032201915e+000
4.04031879981247e+002    7.00087032201915e+000
4.04969526488514e+002    6.99738903394256e+000
4.06000937646507e+002    6.98694516971279e+000
4.07032348804501e+002    6.98520452567450e+000
4.07969995311767e+002    6.98346388163621e+000
4.09001406469761e+002    6.97998259355962e+000
4.10032817627754e+002    6.98172323759791e+000
4.10970464135021e+002    6.97998259355962e+000
4.12001875293015e+002    6.97476066144473e+000
4.13033286451008e+002    6.97127937336815e+000
4.13970932958275e+002    6.96779808529156e+000
4.15002344116268e+002    6.96605744125326e+000
4.16033755274262e+002    6.96083550913838e+000
4.16971401781528e+002    6.96083550913838e+000
4.18002812939522e+002    6.96083550913838e+000
4.19034224097515e+002    6.95561357702350e+000
4.19971870604782e+002    6.95561357702350e+000
4.21003281762775e+002    6.95213228894691e+000
4.22034692920769e+002    6.95213228894691e+000
4.22972339428036e+002    6.94691035683203e+000
4.24003750586029e+002    6.94691035683203e+000
4.25035161744023e+002    6.94516971279373e+000
4.25972808251289e+002    6.94342906875544e+000
4.27004219409283e+002    6.93820713664056e+000
4.28035630567276e+002    6.93646649260226e+000
4.28973277074543e+002    6.93646649260226e+000
4.30004688232536e+002    6.93646649260226e+000
4.31036099390530e+002    6.93298520452567e+000
4.31973745897797e+002    6.92950391644909e+000
4.33005157055790e+002    6.92950391644909e+000
4.34036568213783e+002    6.92950391644909e+000
4.34974214721050e+002    6.92950391644909e+000
4.36005625879044e+002    6.92254134029591e+000
4.37037037037037e+002    6.92254134029591e+000
4.37974683544304e+002    6.92254134029591e+000
4.39006094702297e+002    6.92080069625762e+000
4.40037505860291e+002    6.92080069625762e+000
4.40975152367557e+002    6.91383812010444e+000
4.42006563525551e+002    6.91209747606614e+000
4.43037974683544e+002    6.91035683202785e+000
4.43975621190811e+002    6.91035683202785e+000
4.45007032348805e+002    6.90687554395126e+000
4.46038443506798e+002    6.90339425587467e+000
4.46976090014065e+002    6.90165361183638e+000
4.48007501172058e+002    6.89817232375979e+000
4.49038912330052e+002    6.89817232375979e+000
4.49976558837318e+002    6.89817232375979e+000
4.51007969995312e+002    6.89469103568320e+000
4.52039381153305e+002    6.89120974760661e+000
4.52977027660572e+002    6.89120974760661e+000
4.54008438818565e+002    6.89120974760661e+000
4.55039849976559e+002    6.89120974760661e+000
4.55977496483826e+002    6.89120974760661e+000
4.57008907641819e+002    6.88946910356832e+000
4.58040318799812e+002    6.88598781549173e+000
4.58977965307079e+002    6.88076588337685e+000
4.60009376465073e+002    6.87902523933855e+000
4.61040787623066e+002    6.87554395126197e+000
4.61978434130333e+002    6.87380330722367e+000
4.63009845288326e+002    6.87032201914708e+000
4.64041256446320e+002    6.87032201914708e+000
4.64978902953587e+002    6.87032201914708e+000
4.66010314111580e+002    6.87032201914708e+000
4.67041725269573e+002    6.87032201914708e+000
4.67979371776840e+002    6.86335944299391e+000
4.69010782934834e+002    6.85987815491732e+000
4.70042194092827e+002    6.85987815491732e+000
4.70979840600094e+002    6.85987815491732e+000
4.72011251758087e+002    6.85987815491732e+000
4.73042662916081e+002    6.85813751087903e+000
4.73980309423347e+002    6.85987815491732e+000
4.75011720581341e+002    6.85987815491732e+000
4.76043131739334e+002    6.85813751087903e+000
4.76980778246601e+002    6.85639686684073e+000
4.78012189404594e+002    6.85465622280244e+000
4.79043600562588e+002    6.85117493472585e+000
4.79981247069855e+002    6.85117493472585e+000
4.81012658227848e+002    6.84769364664926e+000
4.82044069385842e+002    6.84769364664926e+000
4.82981715893108e+002    6.84595300261097e+000
4.84013127051102e+002    6.84421235857267e+000
4.85044538209095e+002    6.84247171453438e+000
4.85982184716362e+002    6.84073107049608e+000
4.87013595874355e+002    6.83724978241950e+000
4.88045007032349e+002    6.83899042645779e+000
4.88982653539616e+002    6.83724978241950e+000
4.90014064697609e+002    6.83899042645779e+000
4.91045475855602e+002    6.83724978241950e+000
4.91983122362869e+002    6.83376849434291e+000
4.93014533520863e+002    6.82854656222802e+000
4.94045944678856e+002    6.82854656222802e+000
4.94983591186123e+002    6.82680591818973e+000
4.96015002344116e+002    6.82680591818973e+000
4.97046413502110e+002    6.82506527415144e+000
4.97984060009376e+002    6.81984334203655e+000
4.99015471167370e+002    6.81984334203655e+000
5.00046882325363e+002    6.81984334203655e+000
5.00984528832630e+002    6.81462140992167e+000
5.02015939990624e+002    6.81462140992167e+000
5.02953586497890e+002    6.81288076588338e+000
5.03984997655884e+002    6.81462140992167e+000
5.05016408813877e+002    6.81462140992167e+000
5.05954055321144e+002    6.81288076588338e+000
5.06985466479137e+002    6.81114012184508e+000
5.08016877637131e+002    6.80765883376849e+000
5.08954524144398e+002    6.80591818973020e+000
5.09985935302391e+002    6.80417754569191e+000
5.11017346460384e+002    6.80591818973020e+000
5.11954992967651e+002    6.80591818973020e+000
5.12986404125645e+002    6.80417754569191e+000
5.14017815283638e+002    6.80069625761532e+000
5.14955461790905e+002    6.80417754569191e+000
5.15986872948898e+002    6.80417754569191e+000
5.17018284106892e+002    6.80243690165361e+000
5.17955930614158e+002    6.80069625761532e+000
5.18987341772152e+002    6.79721496953873e+000
5.20018752930145e+002    6.79547432550044e+000
5.20956399437412e+002    6.79373368146214e+000
5.21987810595406e+002    6.79373368146214e+000
5.23019221753399e+002    6.79373368146214e+000
5.23956868260666e+002    6.79373368146214e+000
5.24988279418659e+002    6.79373368146214e+000
5.26019690576653e+002    6.79373368146214e+000
5.26957337083919e+002    6.79373368146214e+000
5.27988748241913e+002    6.78851174934726e+000
5.29020159399906e+002    6.78851174934726e+000
5.29957805907173e+002    6.78851174934726e+000
5.30989217065166e+002    6.78851174934726e+000
5.32020628223160e+002    6.78851174934726e+000
5.32958274730427e+002    6.78328981723238e+000
5.33989685888420e+002    6.78154917319408e+000
5.35021097046414e+002    6.78154917319408e+000
5.35958743553680e+002    6.78154917319408e+000
5.36990154711674e+002    6.78154917319408e+000
5.38021565869667e+002    6.77980852915579e+000
5.38959212376934e+002    6.77806788511749e+000
5.39990623534927e+002    6.77458659704090e+000
5.41022034692921e+002    6.77284595300261e+000
5.41959681200188e+002    6.77284595300261e+000
5.42991092358181e+002    6.77284595300261e+000
5.44022503516174e+002    6.77284595300261e+000
5.44960150023441e+002    6.77284595300261e+000
5.45991561181435e+002    6.77110530896432e+000
5.47022972339428e+002    6.76936466492602e+000
5.47960618846695e+002    6.76936466492602e+000
5.48992030004688e+002    6.77110530896432e+000
5.50023441162682e+002    6.77110530896432e+000
5.50961087669948e+002    6.77110530896432e+000
5.51992498827942e+002    6.76936466492602e+000
5.53023909985935e+002    6.76762402088773e+000
5.53961556493202e+002    6.76414273281114e+000
5.54992967651196e+002    6.76240208877285e+000
5.56024378809189e+002    6.76240208877285e+000
5.56962025316456e+002    6.76240208877285e+000
5.57993436474449e+002    6.76240208877285e+000
5.59024847632443e+002    6.76066144473455e+000
5.59962494139709e+002    6.75718015665796e+000
5.60993905297703e+002    6.75718015665796e+000
5.62025316455696e+002    6.75718015665796e+000
5.62962962962963e+002    6.75718015665796e+000
5.63994374120956e+002    6.75718015665796e+000
5.65025785278950e+002    6.75195822454308e+000
5.65963431786217e+002    6.75021758050479e+000
5.66994842944210e+002    6.75021758050479e+000
5.68026254102203e+002    6.75021758050479e+000
5.68963900609470e+002    6.75021758050479e+000
5.69995311767464e+002    6.75021758050479e+000
5.71026722925457e+002    6.75021758050479e+000
5.71964369432724e+002    6.75021758050479e+000
5.72995780590717e+002    6.74847693646649e+000
5.74027191748711e+002    6.74499564838990e+000
5.74964838255978e+002    6.74151436031332e+000
5.75996249413971e+002    6.74151436031332e+000
5.77027660571964e+002    6.74151436031332e+000
5.77965307079231e+002    6.74151436031332e+000
5.78996718237225e+002    6.74151436031332e+000
5.80028129395218e+002    6.73803307223673e+000
5.80965775902485e+002    6.73803307223673e+000
5.81997187060478e+002    6.73629242819843e+000
5.83028598218472e+002    6.73803307223673e+000
5.83966244725738e+002    6.73803307223673e+000
5.84997655883732e+002    6.73803307223673e+000
5.86029067041725e+002    6.73629242819843e+000
5.86966713548992e+002    6.73281114012184e+000
5.87998124706985e+002    6.73107049608355e+000
5.89029535864979e+002    6.72932985204526e+000
5.89967182372246e+002    6.72932985204526e+000
5.90998593530239e+002    6.72932985204526e+000
5.92030004688233e+002    6.72932985204526e+000
5.92967651195499e+002    6.72584856396867e+000
5.93999062353493e+002    6.72584856396867e+000
5.95030473511486e+002    6.72584856396867e+000
5.95968120018753e+002    6.72584856396867e+000
5.96999531176746e+002    6.72584856396867e+000
5.98030942334740e+002    6.72584856396867e+000
5.98968588842007e+002    6.72584856396867e+000
6.00000000000000e+002    6.72584856396867e+000
6.01031411157993e+002    6.72584856396867e+000
6.01969057665260e+002    6.72584856396867e+000
