178.41 0.810612 0.14022
178.791 0.815745 0.141108
179.172 0.820841 0.141989
179.553 1.10192 1.10192
179.934 0.290567 0.290567
180.316 0.447542 0.447542
180.697 0.941776 0.941776
181.078 0.568928 0.568928
181.459 0.55273 0.55273
181.84 0.788821 0.788821
182.221 -0.290676 -0.164038
182.602 -0.324442 -0.324442
182.983 0.0510782 0.0288251
183.364 1.56655 0.410406
183.744 0.583776 0.081649
184.125 0.472805 0.0620984
184.506 0.644882 0.0642382
184.887 0.930964 0.0890355
185.268 0.83308 0.0740845
185.648 0.536189 0.0430733
186.029 0.519304 0.0408256
186.41 0.542007 0.0392903
186.791 0.517122 0.0357128
187.171 0.534982 0.0334494
187.552 0.577615 0.029355
187.932 0.478186 0.0244096
188.313 0.552531 0.0265468
188.694 0.480166 0.0231613
189.074 0.505773 0.0238363
189.455 0.517971 0.0234821
189.835 0.554112 0.0241414
190.216 0.493133 0.0220748
190.596 0.530808 0.0225509
190.977 0.561409 0.0226231
191.357 0.557859 0.0228619
191.737 0.56185 0.0226514
192.118 0.586098 0.0234995
192.498 0.565675 0.0222397
192.878 0.533703 0.0210287
193.258 0.574454 0.0220694
193.639 0.537331 0.0213698
194.019 0.572824 0.0216921
194.399 0.571719 0.0215891
194.779 0.554875 0.0212112
195.159 0.538688 0.0203089
195.54 0.543012 0.0201899
195.92 0.534377 0.0197381
196.3 0.545907 0.0200101
196.68 0.605231 0.0214635
197.06 0.569971 0.0204542
197.44 0.543925 0.0196777
197.82 0.549091 0.0196407
198.2 0.545228 0.0194394
198.58 0.508369 0.0181579
198.959 0.505121 0.0180614
199.339 0.52059 0.0181486
199.719 0.546079 0.0191227
200.099 0.538183 0.0182376
200.479 0.515156 0.0177413
200.858 0.49559 0.0172063
201.238 0.504935 0.0175787
201.618 0.494836 0.0171046
201.998 0.493022 0.0168276
202.377 0.492857 0.0166692
202.757 0.479271 0.0161577
203.136 0.491269 0.0165304
203.516 0.488092 0.0162429
203.896 0.483554 0.0156671
204.275 0.496275 0.0160461
204.655 0.47955 0.0154689
205.034 0.478873 0.0153795
205.414 0.464878 0.0147427
205.793 0.46897 0.0146987
206.172 0.45892 0.0143321
206.552 0.459438 0.0144039
206.931 0.465369 0.0142507
207.31 0.443163 0.0137311
207.69 0.425652 0.0131425
208.069 0.443716 0.013513
208.448 0.429943 0.0130494
208.827 0.426781 0.0128967
209.207 0.425487 0.0126044
209.586 0.433085 0.0125361
209.965 0.427905 0.0124925
210.344 0.422305 0.0121443
210.723 0.420454 0.0119206
211.102 0.419389 0.0117147
211.481 0.420685 0.0116846
211.86 0.406037 0.0113892
212.239 0.419623 0.0113382
212.618 0.410516 0.0110989
212.997 0.413275 0.0111258
213.376 0.400705 0.0106689
213.755 0.395231 0.0104385
214.134 0.390395 0.0103269
214.513 0.409122 0.0104868
214.891 0.384031 0.00992049
215.27 0.388283 0.0099036
215.649 0.392031 0.00973883
216.028 0.39578 0.00971382
216.406 0.377473 0.00933865
216.785 0.397323 0.00951173
217.164 0.379134 0.00910547
217.542 0.384702 0.00901996
217.921 0.379575 0.00885245
218.3 0.397178 0.00905821
218.678 0.385544 0.0087362
219.057 0.390487 0.00870044
219.435 0.389648 0.00854957
219.814 0.396363 0.00850588
220.192 0.39107 0.00831517
220.57 0.394686 0.00823178
220.949 0.396404 0.00819396
221.327 0.40035 0.00805048
221.705 0.409306 0.00806053
222.084 0.396865 0.00780385
222.462 0.410866 0.00789379
222.84 0.413517 0.00779799
223.218 0.413159 0.00768604
223.597 0.416256 0.00756399
223.975 0.41382 0.00741119
224.353 0.420691 0.0073587
224.731 0.41753 0.00720997
225.109 0.43392 0.0072996
225.487 0.434166 0.00721042
225.865 0.438578 0.0071323
226.243 0.442672 0.00706814
226.621 0.453247 0.00704086
226.999 0.44977 0.00689918
227.377 0.461279 0.00689967
227.755 0.456325 0.0067408
228.133 0.465586 0.00672509
228.511 0.471291 0.00674473
228.889 0.476646 0.00665479
229.266 0.483036 0.00665278
229.644 0.48989 0.00656037
230.022 0.490156 0.00649127
230.4 0.496778 0.00646524
230.777 0.506322 0.0064628
231.155 0.512351 0.00642566
231.533 0.504945 0.00626833
231.91 0.514224 0.00624422
232.288 0.527538 0.00629146
232.665 0.53026 0.00623217
233.043 0.537586 0.00620309
233.42 0.546221 0.00621968
233.798 0.545484 0.00613149
234.175 0.556819 0.00613569
234.553 0.559201 0.00611666
234.93 0.564307 0.00606456
235.307 0.573604 0.00607527
235.685 0.574521 0.00599806
236.062 0.576919 0.00596929
236.439 0.580649 0.00594398
236.816 0.587087 0.00590242
237.194 0.589227 0.00585649
237.571 0.589784 0.00582568
237.948 0.600275 0.00584553
238.325 0.604474 0.00581965
238.702 0.598151 0.00573825
239.079 0.607523 0.00573301
239.456 0.611561 0.00570933
239.833 0.612347 0.00566738
240.21 0.622546 0.00568272
240.587 0.621124 0.00563174
240.964 0.628104 0.00562837
241.341 0.633139 0.00561335
241.718 0.637976 0.00558509
242.095 0.63937 0.00556824
242.472 0.6335 0.00549283
242.849 0.642607 0.00552443
243.225 0.638545 0.00543548
243.602 0.647621 0.00547477
243.979 0.647239 0.00546209
244.356 0.652456 0.00542914
244.732 0.654014 0.00538396
245.109 0.656775 0.00538465
245.486 0.654923 0.00533291
245.862 0.664577 0.00536631
246.239 0.665607 0.0053362
246.615 0.666004 0.00530361
246.992 0.667021 0.00527858
247.368 0.662351 0.00523658
247.745 0.672923 0.00525129
248.121 0.664436 0.00516562
248.497 0.680583 0.00524235
248.874 0.681578 0.00521855
249.25 0.673175 0.00513379
249.626 0.675258 0.00512367
250.003 0.677558 0.00510917
250.379 0.678762 0.00508136
250.755 0.677434 0.00505522
251.131 0.681733 0.00504301
251.507 0.687793 0.00507703
251.884 0.68229 0.00500338
252.26 0.688605 0.00502538
252.636 0.685935 0.00497614
253.012 0.682681 0.00494632
253.388 0.689211 0.00494818
253.764 0.686266 0.00492204
254.14 0.686225 0.00491205
254.516 0.686841 0.00489913
254.892 0.685845 0.00489099
255.268 0.695649 0.00490424
255.643 0.689718 0.00486957
256.019 0.689391 0.00483888
256.395 0.690534 0.00484678
256.771 0.688207 0.00481167
257.147 0.689868 0.00480667
257.522 0.697077 0.00483669
257.898 0.698032 0.00481554
258.274 0.694892 0.00480135
258.649 0.697443 0.0047982
259.025 0.698546 0.0047793
259.4 0.692227 0.00474727
259.776 0.699442 0.00477054
260.151 0.705175 0.00479536
260.527 0.701807 0.00477593
260.902 0.698217 0.00473746
261.278 0.695868 0.00472056
261.653 0.700367 0.00473825
262.028 0.698721 0.00473313
262.404 0.703462 0.00474492
262.779 0.695527 0.00469986
263.154 0.702867 0.00471195
263.53 0.69972 0.00468326
263.905 0.700768 0.00469974
264.28 0.704519 0.00471672
264.655 0.700817 0.00469179
265.03 0.702381 0.0047153
265.405 0.703809 0.00470298
265.781 0.701951 0.00468037
266.156 0.709573 0.00472593
266.531 0.701704 0.00467174
266.906 0.701012 0.0046735
267.281 0.704375 0.00466352
267.655 0.703416 0.00469521
268.03 0.699991 0.0046672
268.405 0.701928 0.00468231
268.78 0.706603 0.00470359
269.155 0.702343 0.00466661
269.53 0.702476 0.00466947
269.904 0.700457 0.00466111
270.279 0.708982 0.0047067
270.654 0.705001 0.00467043
271.029 0.697941 0.00466009
271.403 0.70649 0.00468813
271.778 0.703415 0.00467298
272.152 0.707906 0.00469468
272.527 0.70162 0.00466946
272.901 0.708901 0.00468492
273.276 0.708908 0.00467625
273.65 0.702205 0.00464251
274.025 0.707169 0.00468903
274.399 0.705 0.00468513
274.774 0.706128 0.00466976
275.148 0.703491 0.00465241
275.522 0.703057 0.00463865
275.897 0.704248 0.00466232
276.271 0.702863 0.00466018
276.645 0.705971 0.00465654
277.019 0.708068 0.00466663
277.393 0.707738 0.00465232
277.768 0.712585 0.00468637
278.142 0.698173 0.00462007
278.516 0.710972 0.00469811
278.89 0.7044 0.00465428
279.264 0.710094 0.00468783
279.638 0.709565 0.00466453
280.012 0.704246 0.00464144
280.386 0.707592 0.00468135
280.76 0.702763 0.0046479
281.133 0.710251 0.00467738
281.507 0.707329 0.00466082
281.881 0.710043 0.00466456
282.255 0.70915 0.00467207
282.629 0.705815 0.00467119
283.002 0.703093 0.0046602
283.376 0.705774 0.00466641
283.75 0.704811 0.00467582
284.123 0.70652 0.00467345
284.497 0.705761 0.00467808
284.87 0.708681 0.00469041
285.244 0.705539 0.00466471
285.618 0.706119 0.00467653
285.991 0.708556 0.00470544
286.364 0.711203 0.0047219
286.738 0.708976 0.00470513
287.111 0.707482 0.00468177
287.485 0.705521 0.00469961
287.858 0.71271 0.0047338
288.231 0.707795 0.00472667
288.605 0.712127 0.00474977
288.978 0.711016 0.00472803
289.351 0.704992 0.00472927
289.724 0.711295 0.00476865
290.097 0.710749 0.00475896
290.47 0.715966 0.00479062
290.843 0.709621 0.00476511
291.217 0.710647 0.00478415
291.59 0.713188 0.0048219
291.963 0.713443 0.00481149
292.336 0.710693 0.00481504
292.708 0.709754 0.00480868
293.081 0.706606 0.00480706
293.454 0.715486 0.0048443
293.827 0.711184 0.0048452
294.2 0.710778 0.00486685
294.573 0.713641 0.00486211
294.945 0.709211 0.0048782
295.318 0.705772 0.00484296
295.691 0.711495 0.00488891
296.064 0.710419 0.00489009
296.436 0.710136 0.00489504
296.809 0.710209 0.00489737
297.181 0.707521 0.00490284
297.554 0.710364 0.00492603
297.926 0.710074 0.00492466
298.299 0.709134 0.0049246
298.671 0.712433 0.00491656
299.044 0.710351 0.00493557
299.416 0.706535 0.00491361
299.788 0.710888 0.00493544
300.161 0.707383 0.00492888
300.533 0.712782 0.00495052
300.905 0.709852 0.00491644
301.278 0.705913 0.0049105
301.65 0.710474 0.00492423
302.022 0.704962 0.00492638
302.394 0.707958 0.00494601
302.766 0.709731 0.00494124
303.138 0.712257 0.00496944
303.51 0.705398 0.00491154
303.882 0.710804 0.00495319
304.254 0.706214 0.00492327
304.626 0.706615 0.00491954
304.998 0.708943 0.00492345
305.37 0.71025 0.00495709
305.742 0.7035 0.00491593
306.114 0.705626 0.00492871
306.485 0.707624 0.00492575
306.857 0.706927 0.0049199
307.229 0.705585 0.00492565
307.601 0.706306 0.00493928
307.972 0.702026 0.00491911
308.344 0.703633 0.0049274
308.716 0.709335 0.00497459
309.087 0.703689 0.00493106
309.459 0.712409 0.00497383
309.83 0.706463 0.00494972
310.202 0.701645 0.00492042
310.573 0.703488 0.00492692
310.945 0.706051 0.00495708
311.316 0.703741 0.00495602
311.687 0.707115 0.00494666
312.059 0.700564 0.00493443
312.43 0.704568 0.00495453
312.801 0.703864 0.00493855
313.172 0.70082 0.00494844
313.544 0.70351 0.00495699
313.915 0.70302 0.00494943
314.286 0.704885 0.00495755
314.657 0.701103 0.00493503
315.028 0.700635 0.00494453
315.399 0.695854 0.00493015
315.77 0.70165 0.00494975
316.141 0.696394 0.0049341
316.512 0.70109 0.00495326
316.883 0.702485 0.00498273
317.254 0.704165 0.00498436
317.625 0.700589 0.00498132
317.996 0.698537 0.00496266
318.366 0.700772 0.00497984
318.737 0.700961 0.00497587
319.108 0.70072 0.004982
319.478 0.700256 0.00499745
319.849 0.703072 0.0049919
320.22 0.699111 0.00499247
320.59 0.696062 0.0049792
320.961 0.698633 0.00500157
321.331 0.69757 0.00498616
321.702 0.702805 0.00504789
322.072 0.69748 0.0050219
322.443 0.699 0.00503355
322.813 0.702522 0.00503442
323.184 0.701013 0.00505244
323.554 0.696552 0.00503661
323.924 0.69056 0.00500412
324.295 0.693732 0.00504225
324.665 0.697326 0.00506107
325.035 0.686478 0.0050088
325.405 0.688481 0.0050326
325.775 0.696875 0.00509456
326.145 0.695532 0.00508622
326.515 0.701901 0.0051416
326.886 0.693857 0.00511225
327.256 0.687103 0.00508823
327.626 0.684381 0.00511762
327.995 0.682468 0.00512908
328.365 0.674945 0.00510679
328.735 0.674132 0.00512498
329.105 0.675831 0.0051732
329.475 0.704847 0.00533115
329.845 0.713431 0.00538164
330.215 0.731295 0.00543627
330.584 0.729864 0.00537065
330.954 0.730407 0.0053042
331.324 0.709017 0.00510621
331.693 0.692071 0.00496594
332.063 0.687981 0.0049214
332.432 0.679028 0.0048576
332.802 0.673914 0.00483847
333.171 0.674844 0.00488701
333.541 0.680687 0.00499421
333.91 0.686902 0.00505499
334.28 0.69154 0.00511032
334.649 0.685611 0.00510119
335.018 0.686351 0.0051167
335.388 0.682952 0.00511619
335.757 0.690858 0.00514219
336.126 0.682347 0.0051301
336.495 0.687451 0.00515211
336.865 0.685163 0.00515135
337.234 0.685944 0.00518868
337.603 0.686073 0.00517454
337.972 0.68845 0.00519971
338.341 0.685946 0.00517533
338.71 0.684396 0.00518225
339.079 0.686094 0.0051954
339.448 0.683398 0.00516585
339.817 0.686864 0.00518934
340.186 0.686233 0.00519675
340.554 0.683451 0.0052011
340.923 0.683874 0.00519303
341.292 0.688403 0.00523834
341.661 0.686736 0.00521767
342.029 0.688674 0.0052193
342.398 0.687514 0.00523795
342.767 0.687787 0.00525817
343.135 0.678416 0.00519066
343.504 0.685436 0.00525343
343.872 0.681822 0.00520993
344.241 0.681083 0.00520925
344.609 0.679363 0.00521933
344.978 0.683282 0.0052405
345.346 0.681444 0.00521866
345.715 0.677919 0.00522536
346.083 0.682983 0.00524331
346.451 0.684404 0.00526637
346.82 0.673894 0.00522113
347.188 0.674121 0.00521661
347.556 0.682441 0.00526587
347.924 0.673575 0.00520529
348.292 0.688191 0.00533055
348.66 0.685018 0.00530432
349.028 0.678399 0.00526347
349.396 0.674419 0.00525726
349.764 0.675297 0.00525706
350.132 0.680901 0.0053077
350.5 0.674467 0.00526247
350.868 0.681677 0.00532684
351.236 0.67243 0.00527884
351.604 0.680577 0.00532842
351.972 0.685861 0.00535686
352.34 0.676365 0.0053186
352.707 0.671456 0.00530118
353.075 0.670972 0.00528723
353.443 0.670799 0.00530453
353.81 0.676396 0.00534812
354.178 0.67747 0.00535338
354.545 0.668938 0.0052996
354.913 0.674253 0.00533847
355.28 0.670636 0.00531471
355.648 0.671721 0.00533062
356.015 0.676255 0.00536661
356.383 0.675251 0.00535337
356.75 0.673381 0.00536446
357.117 0.674176 0.00536565
357.485 0.674409 0.00538566
357.852 0.666671 0.00534986
358.219 0.675524 0.00539123
358.586 0.668776 0.0053593
358.954 0.671497 0.00537887
359.321 0.668018 0.00536874
359.688 0.672666 0.00540497
360.055 0.667805 0.00537559
360.422 0.66941 0.00537588
360.789 0.669137 0.00539998
361.156 0.670082 0.00540244
361.523 0.67371 0.00543812
361.89 0.667494 0.00541344
362.256 0.667526 0.00537889
362.623 0.671045 0.00543699
362.99 0.674781 0.00547397
363.357 0.659938 0.00540677
363.724 0.669062 0.0054363
364.09 0.663141 0.0054208
364.457 0.671173 0.00547808
364.823 0.666797 0.00542342
365.19 0.665629 0.00541455
365.557 0.668806 0.00544983
365.923 0.668384 0.00544882
366.29 0.665576 0.00544415
366.656 0.666487 0.00545469
367.022 0.667189 0.00542939
367.389 0.6737 0.00549161
367.755 0.664808 0.00544467
368.121 0.669351 0.00549401
368.488 0.664905 0.00546826
368.854 0.665649 0.00547346
369.22 0.66652 0.00551784
369.586 0.668585 0.00553958
369.952 0.665699 0.00553627
370.318 0.663721 0.00554534
370.684 0.66869 0.00558288
371.051 0.661277 0.00554175
371.416 0.664488 0.00558406
371.782 0.657722 0.00553776
372.148 0.654587 0.00553574
372.514 0.663999 0.00559875
372.88 0.660499 0.00557727
373.246 0.659443 0.00558992
373.612 0.659338 0.00557791
373.977 0.656294 0.00554483
374.343 0.658337 0.00554953
374.709 0.659067 0.0055346
375.074 0.663177 0.00557255
375.44 0.657563 0.0055622
375.806 0.659204 0.00559684
376.171 0.663984 0.0056122
376.537 0.658315 0.00556896
376.902 0.662937 0.00561318
377.268 0.659056 0.00557463
377.633 0.65675 0.00555294
377.998 0.650462 0.00548694
378.364 0.655893 0.00549009
378.729 0.654173 0.00547302
379.094 0.658875 0.00551158
379.459 0.662636 0.00559461
379.825 0.652972 0.00555366
380.19 0.655069 0.00556535
380.555 0.655 0.00561478
380.92 0.654506 0.00565581
381.285 0.662736 0.00571646
381.65 0.658764 0.00566606
382.015 0.652536 0.00561676
382.38 0.657376 0.00566357
382.745 0.653733 0.00569333
383.11 0.650064 0.0056671
383.474 0.653315 0.00568342
383.839 0.649601 0.00566619
384.204 0.660632 0.00574065
384.569 0.648182 0.0056832
384.933 0.654449 0.00572205
385.298 0.659895 0.00578534
385.663 0.663366 0.00581274
386.027 0.656129 0.0057438
386.392 0.646771 0.00568401
386.756 0.64453 0.0056377
387.121 0.651844 0.00567569
387.485 0.644122 0.00559613
387.849 0.645299 0.00556553
388.214 0.658395 0.00570074
388.578 0.656835 0.00569365
388.942 0.654934 0.00575229
389.307 0.644563 0.00567939
389.671 0.648646 0.00573015
390.035 0.641096 0.00566568
390.399 0.645626 0.00568754
390.763 0.641618 0.0056407
391.127 0.638299 0.00558363
391.492 0.636538 0.00551719
391.856 0.637295 0.00547249
392.219 0.637282 0.00539974
392.583 0.651406 0.00549736
392.947 0.660133 0.005617
393.311 0.65036 0.00564679
393.675 0.646994 0.00565708
394.039 0.639569 0.00563913
394.403 0.642384 0.00567272
394.766 0.649756 0.0057422
395.13 0.643849 0.0057203
395.494 0.638252 0.00568755
395.857 0.643763 0.00570856
396.221 0.639081 0.0056601
396.584 0.639615 0.00562637
396.948 0.637527 0.00555801
397.311 0.633448 0.0054559
397.675 0.641879 0.00545921
398.038 0.639429 0.00543209
398.401 0.645762 0.00553304
398.765 0.648809 0.00562907
399.128 0.654648 0.0057379
399.491 0.647377 0.00574435
399.854 0.644224 0.00575285
400.218 0.634623 0.00569832
400.581 0.645083 0.00580522
400.944 0.639643 0.00577303
401.307 0.64921 0.00591382
401.67 0.643808 0.00587372
402.033 0.638217 0.00585281
402.396 0.642165 0.00587568
402.759 0.634797 0.0058396
403.122 0.63998 0.00585742
403.485 0.637299 0.00583597
403.847 0.632763 0.00578
404.21 0.637567 0.00577437
404.573 0.641501 0.00576864
404.936 0.630857 0.005669
405.298 0.640143 0.00578384
405.661 0.650807 0.00591809
406.023 0.645211 0.00596045
406.386 0.641366 0.00595665
406.749 0.638248 0.005995
407.111 0.643088 0.0060475
407.473 0.633995 0.00592139
407.836 0.629914 0.0058531
408.198 0.639247 0.00588255
408.561 0.640466 0.00588961
408.923 0.633166 0.00583509
409.285 0.630356 0.00581419
409.647 0.643074 0.005959
410.009 0.643115 0.00601401
410.372 0.635484 0.0059776
410.734 0.64158 0.00603643
411.096 0.639843 0.00602455
411.458 0.633666 0.00599777
411.82 0.630019 0.00593967
412.182 0.626227 0.00586233
412.544 0.63393 0.0059217
412.906 0.63976 0.00594809
413.267 0.635011 0.00591392
413.629 0.644234 0.00601808
413.991 0.643168 0.00604553
414.353 0.639366 0.00603583
414.714 0.642016 0.00612704
415.076 0.630143 0.00605069
415.438 0.631084 0.0060491
415.799 0.628944 0.0060041
416.161 0.634418 0.00608831
416.522 0.641334 0.00615959
416.884 0.63097 0.00611147
417.245 0.636741 0.00615036
417.607 0.623835 0.00607776
417.968 0.627458 0.00611824
418.329 0.625185 0.00606312
418.691 0.629111 0.00608795
419.052 0.632356 0.00609427
419.413 0.63272 0.00608271
419.774 0.624556 0.00600309
420.135 0.621713 0.00587422
420.497 0.618762 0.00576613
420.858 0.621855 0.00570022
421.219 0.627662 0.0057118
421.58 0.635262 0.00579344
421.941 0.634786 0.00586212
422.302 0.636209 0.0059898
422.662 0.639166 0.00603543
423.023 0.629699 0.00602289
423.384 0.627291 0.0060352
423.745 0.62484 0.00600286
424.106 0.629725 0.00602678
424.466 0.619403 0.00592814
424.827 0.632558 0.00603916
425.187 0.636906 0.00617768
425.548 0.646421 0.0063007
425.909 0.628706 0.0062338
426.269 0.625262 0.00617536
426.63 0.618998 0.00612143
426.99 0.618854 0.00604858
427.35 0.622544 0.00609237
427.711 0.624183 0.00609636
428.071 0.618862 0.00601348
428.431 0.603021 0.00584076
428.792 0.608702 0.00568327
429.152 0.602889 0.00548877
429.512 0.616825 0.00551872
429.872 0.627534 0.00557912
430.232 0.630532 0.00564909
430.592 0.640482 0.00586028
430.952 0.644608 0.00605433
431.312 0.635777 0.00614572
431.672 0.631741 0.00625119
432.032 0.625258 0.006225
432.392 0.620048 0.00615353
432.752 0.59252 0.00574427
433.111 0.608357 0.00564847
433.471 0.626208 0.0057612
433.831 0.645988 0.00608762
434.19 0.633434 0.00605018
434.55 0.620636 0.00597822
434.91 0.62818 0.00609538
435.269 0.615814 0.00598271
435.629 0.612655 0.00593876
435.988 0.621564 0.00596077
436.348 0.631945 0.00604677
436.707 0.631422 0.00615406
437.066 0.628509 0.00614713
437.426 0.624011 0.00609364
437.785 0.615859 0.00601506
438.144 0.624348 0.0060456
438.503 0.624082 0.00610161
438.862 0.629851 0.00615067
439.222 0.624084 0.00615209
439.581 0.623033 0.00620316
439.94 0.616581 0.0061489
440.299 0.604604 0.00587804
440.658 0.595288 0.00563399
441.017 0.615932 0.00570786
441.376 0.628035 0.0058132
441.734 0.630276 0.00590193
442.093 0.616886 0.00585574
442.452 0.616064 0.00581466
442.811 0.612756 0.00575311
443.169 0.623862 0.00582237
443.528 0.622084 0.00590009
443.887 0.621749 0.00592268
444.245 0.61854 0.00590888
444.604 0.621943 0.00600372
444.962 0.616105 0.006016
445.321 0.612306 0.00598735
445.679 0.614293 0.00597181
446.038 0.614577 0.0059463
446.396 0.621184 0.00603677
446.754 0.61779 0.00611131
447.112 0.625411 0.00616639
447.471 0.617337 0.00618356
447.829 0.618758 0.00621714
448.187 0.612124 0.00616132
448.545 0.610262 0.00614289
448.903 0.614955 0.00617893
449.261 0.623442 0.00623879
449.619 0.619933 0.00626878
449.977 0.621675 0.00629134
450.335 0.618444 0.00634164
450.693 0.617143 0.0063645
451.051 0.618184 0.00638992
451.409 0.611219 0.00633307
451.766 0.623794 0.00644632
452.124 0.621963 0.0065089
452.482 0.615371 0.00652236
452.839 0.613131 0.0065528
453.197 0.614753 0.0066409
453.555 0.622068 0.00669131
453.912 0.623648 0.00673821
454.27 0.599522 0.00646194
454.627 0.603752 0.00643324
454.984 0.607207 0.00641801
455.342 0.620732 0.00658281
455.699 0.616756 0.00661815
456.056 0.618239 0.00663841
456.414 0.610371 0.00651007
456.771 0.608917 0.00643534
457.128 0.603762 0.00636511
457.485 0.605586 0.00630737
457.842 0.610931 0.00637301
458.199 0.618415 0.00642433
458.556 0.608005 0.00631041
458.913 0.612354 0.00635238
459.27 0.614846 0.00631258
459.627 0.619519 0.00639635
459.984 0.603979 0.00629045
460.341 0.610838 0.00634175
460.697 0.61803 0.00644507
461.054 0.63351 0.00668294
461.411 0.631826 0.00681957
461.767 0.619957 0.00683831
462.124 0.609593 0.00682191
462.481 0.60467 0.00668873
462.837 0.600603 0.00657565
463.194 0.603296 0.00644351
463.55 0.609896 0.00651324
463.907 0.595244 0.00628179
464.263 0.60098 0.00622286
464.619 0.59483 0.0060967
464.976 0.604493 0.00603389
465.332 0.613362 0.00605948
465.688 0.619966 0.00620242
466.044 0.632171 0.0065161
466.4 0.634063 0.00667538
466.756 0.618472 0.00664925
467.112 0.608071 0.0065711
467.468 0.617188 0.00665096
467.824 0.605112 0.00657538
468.18 0.617695 0.00675648
468.536 0.620252 0.00680431
468.892 0.616922 0.00685415
469.248 0.605794 0.00682333
469.604 0.609088 0.00690066
469.959 0.612044 0.00694786
470.315 0.600887 0.00684933
470.671 0.607588 0.00689589
471.026 0.596091 0.00677724
471.382 0.606413 0.00678125
471.737 0.601596 0.00668709
472.093 0.603803 0.00660924
472.448 0.592425 0.00645075
472.804 0.601567 0.00638976
473.159 0.607621 0.00639445
473.514 0.614543 0.00643706
473.87 0.590419 0.00624704
474.225 0.588384 0.00606708
474.58 0.585049 0.0059168
474.935 0.609408 0.00604504
475.29 0.613098 0.00614204
475.645 0.60945 0.00616391
476 0.61034 0.00616951
476.355 0.61686 0.00626221
476.71 0.60703 0.00622931
477.065 0.59293 0.00603476
477.42 0.586057 0.00586392
477.775 0.602013 0.00595331
478.13 0.600147 0.00594899
478.485 0.611481 0.00600054
478.839 0.59805 0.00589911
479.194 0.592917 0.00572692
479.549 0.591532 0.00559896
479.903 0.601014 0.00565247
480.258 0.611085 0.00578693
480.612 0.595844 0.00561988
480.967 0.585887 0.00546218
481.321 0.599383 0.0054926
481.675 0.611517 0.00564748
482.03 0.620056 0.00580378
482.384 0.604847 0.00575849
482.738 0.597776 0.00569365
483.093 0.600244 0.00568336
483.447 0.585597 0.00547444
483.801 0.581817 0.00531766
484.155 0.597646 0.00530813
484.509 0.529974 0.0046439
484.863 0.415788 0.00276192
485.217 0.531333 0.00273714
485.571 0.610963 0.00290357
485.925 0.781295 0.00400009
486.279 0.743634 0.00465017
486.632 0.660416 0.00478605
486.986 0.637617 0.00510512
487.34 0.638327 0.00548621
487.694 0.619691 0.00559778
488.047 0.598499 0.00556631
488.401 0.596216 0.00554921
488.754 0.598453 0.00559438
489.108 0.607394 0.00571376
489.461 0.604664 0.00575926
489.815 0.603229 0.00581975
490.168 0.596239 0.00571763
490.522 0.5988 0.00571078
490.875 0.602338 0.00573513
491.228 0.604076 0.00577192
491.581 0.592902 0.00568284
491.935 0.603677 0.0057496
492.288 0.593142 0.00571757
492.641 0.595641 0.00569701
492.994 0.592788 0.00566721
493.347 0.592678 0.00563213
493.7 0.596675 0.00562138
494.053 0.597425 0.00564334
494.406 0.609903 0.00577731
494.759 0.611386 0.0059191
495.111 0.581398 0.00563523
495.464 0.563066 0.00530965
495.817 0.577484 0.00522276
496.169 0.61118 0.00551999
496.522 0.633306 0.00583838
496.875 0.62352 0.00601125
497.227 0.597686 0.00592876
497.58 0.601958 0.00598757
497.932 0.590696 0.00588016
498.285 0.596257 0.00586629
498.637 0.583467 0.00566873
498.989 0.590142 0.00561887
499.342 0.596042 0.00564961
499.694 0.608994 0.00582553
500.046 0.606416 0.00591708
500.398 0.58238 0.00566048
500.751 0.585058 0.0055756
501.103 0.589087 0.00560909
501.455 0.59419 0.0056222
501.807 0.59332 0.00562779
502.159 0.595402 0.00563828
502.511 0.597876 0.00565914
502.862 0.598862 0.00567635
503.214 0.598445 0.00574685
503.566 0.608841 0.00590179
503.918 0.59846 0.0059284
504.27 0.590267 0.00587128
504.621 0.595656 0.00590255
504.973 0.594636 0.00595511
505.324 0.589684 0.00590991
505.676 0.581821 0.00576704
506.027 0.595656 0.00580829
506.379 0.617472 0.0061004
506.73 0.610743 0.00619995
507.082 0.585623 0.00601712
507.433 0.575055 0.00587519
507.784 0.592665 0.00592352
508.136 0.601265 0.00604278
508.487 0.601491 0.00607054
508.838 0.600193 0.00614885
509.189 0.597006 0.00613641
509.54 0.58568 0.00600859
509.891 0.599152 0.0061405
510.242 0.597411 0.0061113
510.593 0.597272 0.0061515
510.944 0.593169 0.00617493
511.295 0.599932 0.00630293
511.646 0.602829 0.00642755
511.996 0.591411 0.00633283
512.347 0.591451 0.0062858
512.698 0.595696 0.00629416
513.049 0.594154 0.00629821
513.399 0.605061 0.00644398
513.75 0.596465 0.00636867
514.1 0.594396 0.0064146
514.451 0.612961 0.00668114
514.801 0.600692 0.00666317
515.152 0.589292 0.00651531
515.502 0.581282 0.00635308
515.852 0.583018 0.00630608
516.202 0.591109 0.00634654
516.553 0.602996 0.0064817
516.903 0.601102 0.00656766
517.253 0.602322 0.00668402
517.603 0.594858 0.0066867
517.953 0.584572 0.00655537
518.303 0.574589 0.00639325
518.653 0.583651 0.00634625
519.003 0.597176 0.00647649
519.353 0.616802 0.00679494
519.703 0.61394 0.00697923
520.052 0.593112 0.00687059
520.402 0.585596 0.00680985
520.752 0.590213 0.00676188
521.102 0.585906 0.00676157
521.451 0.597555 0.00693325
521.801 0.595489 0.00690248
522.15 0.588625 0.00681814
522.5 0.588146 0.00673244
522.849 0.598113 0.00680734
523.199 0.583245 0.00663431
523.548 0.593435 0.00667532
523.897 0.593998 0.00666565
524.246 0.604906 0.00686338
524.596 0.616272 0.00704141
524.945 0.582415 0.00679789
525.294 0.590138 0.00683614
525.643 0.592423 0.00685637
525.992 0.59974 0.00688329
526.341 0.581847 0.00672691
526.69 0.598832 0.00689352
527.039 0.603464 0.00698146
527.388 0.592165 0.00695646
527.737 0.566402 0.00662304
528.086 0.571703 0.00644531
528.434 0.582528 0.00637103
528.783 0.610795 0.00660712
529.132 0.605757 0.00671634
529.48 0.606573 0.00683211
529.829 0.594466 0.00683569
530.177 0.594519 0.00687919
530.526 0.595336 0.00692973
530.874 0.583487 0.00678965
531.223 0.581937 0.0067661
531.571 0.590623 0.0068134
531.919 0.588673 0.00682037
532.268 0.57233 0.00655072
532.616 0.573307 0.00633717
532.964 0.582857 0.00626691
533.312 0.599421 0.0063718
533.66 0.587695 0.00630763
534.008 0.586406 0.00627904
534.356 0.583031 0.00625106
534.704 0.586942 0.00633454
535.052 0.603234 0.00648039
535.4 0.601476 0.00660741
535.748 0.602275 0.00678974
536.095 0.600133 0.00695071
536.443 0.586673 0.00690418
536.791 0.572569 0.00671053
537.139 0.56867 0.00652154
537.486 0.579419 0.00644908
537.834 0.587092 0.00642313
538.181 0.585253 0.00638798
538.529 0.59263 0.00642934
538.876 0.593765 0.00644814
539.223 0.596175 0.00653021
539.571 0.602194 0.00670234
539.918 0.581332 0.00658114
540.265 0.579565 0.0064584
540.613 0.578325 0.00635767
540.96 0.597449 0.00650606
541.307 0.59477 0.0065134
541.654 0.590616 0.00653119
542.001 0.582835 0.00644249
542.348 0.586307 0.00647369
542.695 0.578812 0.00643984
543.042 0.578616 0.00634598
543.388 0.579364 0.00628236
543.735 0.581975 0.00626867
544.082 0.582092 0.00626974
544.429 0.588269 0.00630928
544.775 0.597233 0.00648778
545.122 0.611604 0.00675643
545.469 0.59503 0.00679986
545.815 0.573644 0.00666849
546.162 0.582228 0.00666925
546.508 0.565551 0.00643544
546.854 0.56996 0.00628704
547.201 0.561455 0.00596248
547.547 0.581919 0.00600781
547.893 0.594387 0.00616532
548.24 0.61452 0.00654433
548.586 0.618788 0.0069291
548.932 0.586644 0.00684433
549.278 0.585019 0.00691134
549.624 0.574013 0.00675519
549.97 0.592847 0.00693996
550.316 0.603443 0.00715679
550.662 0.588758 0.00711899
551.008 0.557006 0.0066961
551.353 0.554838 0.00630715
551.699 0.568978 0.00614753
552.045 0.608363 0.00649056
552.391 0.603721 0.00663685
552.736 0.58307 0.00655873
553.082 0.577687 0.00655389
553.427 0.593768 0.00671857
553.773 0.606578 0.00702535
554.118 0.584651 0.00697078
554.464 0.564874 0.00666873
554.809 0.552408 0.00635976
555.154 0.579243 0.00635781
555.5 0.594335 0.00648411
555.845 0.609621 0.00675358
556.19 0.597199 0.0068384
556.535 0.591804 0.00699918
556.88 0.573797 0.0068378
557.225 0.586796 0.00686765
557.57 0.590398 0.00696801
557.915 0.603344 0.00725728
558.26 0.590734 0.00725796
558.605 0.590827 0.00728317
558.95 0.574523 0.0070661
559.295 0.559285 0.00663138
559.639 0.558486 0.00634926
559.984 0.565018 0.00616426
560.329 0.589094 0.00622297
560.673 0.588901 0.00623729
561.018 0.598914 0.00644302
561.362 0.601424 0.00660663
561.707 0.586534 0.00669617
562.051 0.572319 0.00655912
562.395 0.570864 0.0065257
562.74 0.574854 0.00640032
563.084 0.572773 0.00628895
563.428 0.566072 0.00611133
563.772 0.58654 0.00624691
564.117 0.576077 0.00614772
564.461 0.587334 0.00617813
564.805 0.585606 0.00623514
565.149 0.57704 0.0061658
565.493 0.573797 0.00613025
565.836 0.570736 0.00602696
566.18 0.571996 0.00596384
566.524 0.536527 0.00542679
566.868 0.564113 0.00537389
567.212 0.571744 0.00530783
567.555 0.570721 0.0052384
567.899 0.551857 0.00494753
568.242 0.557574 0.00476171
568.586 0.543997 0.00442901
568.929 0.540083 0.00412867
569.273 0.549396 0.00392008
569.616 0.573669 0.00395569
569.96 0.568646 0.00388769
570.303 0.556838 0.00373166
570.646 0.563399 0.00369638
570.989 0.556744 0.0035739
571.333 0.577438 0.0036372
571.676 0.586999 0.00377346
572.019 0.616303 0.00418987
572.362 0.539169 0.0038062
572.705 0.526286 0.00348969
573.048 0.546358 0.00335928
573.391 0.555796 0.00327862
573.733 0.562941 0.00322613
574.076 0.560539 0.00318367
574.419 0.583595 0.00329764
574.762 0.592596 0.00349851
575.104 0.605156 0.00376676
575.447 0.558206 0.00367538
575.789 0.536886 0.00341505
576.132 0.539411 0.00319557
576.474 0.564563 0.00324879
576.817 0.533957 0.00294194
577.159 0.551495 0.00282076
577.501 0.592356 0.00288686
577.844 0.620778 0.00311703
578.186 0.637476 0.00352126
578.528 0.576234 0.00355603
578.87 0.559323 0.00352282
579.212 0.541914 0.00339757
579.554 0.554167 0.00329503
579.896 0.571747 0.00337179
580.238 0.544507 0.0031754
580.58 0.514515 0.00270884
580.922 0.591284 0.0027933
581.264 0.671966 0.00297772
581.606 0.641192 0.00292717
581.947 0.615734 0.00303362
582.289 0.624902 0.00335948
582.631 0.610763 0.00369177
582.972 0.585103 0.00388999
583.314 0.55157 0.00379305
583.655 0.541176 0.00367892
583.997 0.519464 0.00332202
584.338 0.533576 0.00310068
584.679 0.548584 0.003
585.021 0.592928 0.00314195
585.362 0.60448 0.00339534
585.703 0.606521 0.00365497
586.044 0.562292 0.00361618
586.385 0.535678 0.00335769
586.726 0.538523 0.00320143
587.067 0.591533 0.0034178
587.408 0.598097 0.00363817
587.749 0.588989 0.00378051
588.09 0.586552 0.00393857
588.431 0.595781 0.00417334
588.772 0.586325 0.00435735
589.113 0.548987 0.00417275
589.453 0.565711 0.00421595
589.794 0.586179 0.00438069
590.134 0.591616 0.00462105
590.475 0.5764 0.00470869
590.815 0.558675 0.00462615
591.156 0.570088 0.00466434
591.496 0.550071 0.00453864
591.837 0.498738 0.00374862
592.177 0.522228 0.0034663
592.517 0.548194 0.00333044
592.857 0.603051 0.00362672
593.198 0.600317 0.00383098
593.538 0.616068 0.00425607
593.878 0.574195 0.00432726
594.218 0.542461 0.00412256
594.558 0.540369 0.00393587
594.898 0.577 0.0041219
595.237 0.592651 0.00439664
595.577 0.594701 0.00470305
595.917 0.590053 0.00495601
596.257 0.545322 0.00465903
596.596 0.544214 0.00452673
596.936 0.5541 0.00442518
597.276 0.589741 0.0047363
597.615 0.563119 0.00462734
597.955 0.502371 0.00392569
598.294 0.534049 0.00371445
598.633 0.566912 0.00378485
598.973 0.594506 0.0040236
599.312 0.557711 0.00391764
599.651 0.567296 0.00394349
599.991 0.578613 0.00408765
600.33 0.569536 0.00409887
600.669 0.569684 0.00422237
601.008 0.582547 0.00439743
601.347 0.583609 0.00458661
601.686 0.547716 0.00435958
602.025 0.567572 0.00443714
602.364 0.536243 0.00413954
602.702 0.564356 0.00416704
603.041 0.565623 0.0041513
603.38 0.590761 0.00439896
603.719 0.585429 0.00459901
604.057 0.57571 0.00472382
604.396 0.558468 0.00465656
604.734 0.540318 0.00447109
605.073 0.529899 0.00404393
605.411 0.572668 0.00420603
605.75 0.579127 0.00431421
606.088 0.595838 0.00465044
606.426 0.550896 0.00441924
606.764 0.557699 0.00437162
607.103 0.574905 0.00449358
607.441 0.58037 0.00471551
607.779 0.579079 0.00484552
608.117 0.560322 0.00474305
608.455 0.582087 0.00497487
608.793 0.567875 0.00504821
609.131 0.531441 0.00462074
609.469 0.54935 0.00452609
609.806 0.573928 0.00460931
610.144 0.605496 0.00508061
610.482 0.569056 0.00506992
610.819 0.561541 0.00500687
611.157 0.565351 0.00504114
611.495 0.579789 0.0052702
611.832 0.56351 0.00525692
612.17 0.5528 0.00516944
612.507 0.556568 0.00511843
612.844 0.563029 0.00518894
613.182 0.565506 0.00522808
613.519 0.55723 0.00516017
613.856 0.561261 0.00514555
614.193 0.554874 0.00509871
614.53 0.551952 0.00496489
614.867 0.558203 0.00492461
615.205 0.592737 0.00533394
615.541 0.580086 0.00544199
615.878 0.573978 0.00567196
616.215 0.554542 0.00558173
616.552 0.570283 0.00568922
616.889 0.55183 0.00551341
617.226 0.555651 0.00543177
617.562 0.575916 0.00562781
617.899 0.592621 0.00605337
618.235 0.591198 0.00638394
618.572 0.574815 0.00656907
618.908 0.547488 0.00629311
619.245 0.542119 0.00598693
619.581 0.550498 0.00587286
619.918 0.608791 0.00651334
620.254 0.626082 0.00745282
620.59 0.571182 0.00743959
620.926 0.526646 0.00676083
621.262 0.537426 0.00645508
621.599 0.569388 0.00652239
621.935 0.559455 0.00649439
622.271 0.551655 0.00621333
622.606 0.559799 0.0060728
622.942 0.582771 0.0062718
623.278 0.586964 0.00653916
623.614 0.545674 0.00606393
623.95 0.55999 0.00604475
624.285 0.574066 0.0061911
624.621 0.602707 0.00667848
624.957 0.576078 0.00677116
625.292 0.574987 0.00691566
625.628 0.59017 0.0072777
625.963 0.563027 0.00720058
626.299 0.55395 0.00701534
626.634 0.560346 0.00693303
626.969 0.573223 0.0070935
627.304 0.616251 0.00783262
627.64 0.595662 0.00831385
627.975 0.569964 0.00817034
628.31 0.526513 0.00748504
628.645 0.5485 0.0073379
628.98 0.580483 0.00767676
629.315 0.583218 0.00779382
629.65 0.563194 0.0077337
629.985 0.570263 0.00778971
630.319 0.588548 0.00823087
630.654 0.573848 0.0082722
630.989 0.564539 0.00815259
631.323 0.572731 0.00837139
631.658 0.583819 0.00869754
631.993 0.600632 0.00923153
632.327 0.567865 0.00905647
632.662 0.571064 0.00906321
632.996 0.562394 0.00887307
633.33 0.577438 0.0089081
633.665 0.600093 0.00923858
633.999 0.582407 0.00935184
634.333 0.583755 0.00948503
634.667 0.577416 0.00943978
635.001 0.552407 0.00897248
635.335 0.545854 0.00864718
635.669 0.556829 0.00838009
636.003 0.576812 0.00853318
636.337 0.59763 0.00902782
636.671 0.598441 0.00947703
637.005 0.59069 0.00981064
637.339 0.557109 0.00955975
637.672 0.552018 0.00926987
638.006 0.568284 0.00916363
638.339 0.577317 0.00921803
638.673 0.586123 0.00961079
639.006 0.582954 0.00981354
639.34 0.568749 0.00979417
639.673 0.580344 0.00999061
640.007 0.58196 0.0100184
640.34 0.58881 0.0101727
640.673 0.592843 0.0104277
641.006 0.594269 0.0105506
641.34 0.5869 0.0105668
641.673 0.585227 0.0108072
642.006 0.590577 0.0110594
642.339 0.579799 0.0108315
642.672 0.584258 0.0107762
643.004 0.576605 0.0107512
643.337 0.593515 0.0111413
643.67 0.578911 0.0111077
644.003 0.561882 0.010757
644.336 0.576582 0.0109624
644.668 0.584823 0.0110718
645.001 0.595584 0.0113102
645.333 0.599317 0.0115144
645.666 0.598893 0.0118372
645.998 0.597604 0.0121203
646.331 0.584936 0.0119965
646.663 0.57078 0.0118335
646.995 0.537966 0.0109219
647.327 0.543731 0.0102656
647.66 0.537509 0.00947773
647.992 0.564696 0.009461
648.324 0.563718 0.00936828
648.656 0.594206 0.00973979
648.988 0.60029 0.0101046
649.32 0.603851 0.0107069
649.652 0.596819 0.01128
649.983 0.581313 0.0114284
650.315 0.586514 0.0116479
650.647 0.563319 0.0112252
650.979 0.564951 0.0107691
651.31 0.550868 0.010241
651.642 0.55841 0.00993459
651.973 0.573395 0.0100323
652.305 0.570954 0.0100039
652.636 0.570662 0.0100486
652.967 0.596212 0.0105578
653.299 0.573772 0.0105405
653.63 0.562638 0.0104878
653.961 0.546917 0.00984515
654.292 0.46327 0.00757368
654.623 0.226526 0.00219725
654.955 0.900992 0.00343511
655.286 0.900937 0.0034349
655.616 0.900881 0.00343468
655.947 0.900824 0.00343447
656.278 0.900766 0.00343425
656.609 0.78563 0.00320716
656.94 0.544528 0.00335792
657.27 0.468887 0.00369208
657.601 0.447142 0.00413158
657.932 0.469706 0.00503633
658.262 0.493225 0.00630025
658.593 0.528566 0.00796107
658.923 0.562034 0.00981386
659.254 0.573228 0.0110401
659.584 0.583506 0.0119657
659.914 0.578034 0.0124604
660.244 0.591644 0.0130358
660.575 0.583009 0.0130206
660.905 0.595782 0.0131643
661.235 0.579726 0.0128148
661.565 0.572411 0.0125833
661.895 0.584445 0.0126822
662.225 0.607336 0.013114
662.555 0.602534 0.0131767
662.884 0.585345 0.0129778
663.214 0.570084 0.0125642
663.544 0.580011 0.012503
663.873 0.597126 0.0126679
664.203 0.571978 0.012024
664.533 0.568083 0.0118884
664.862 0.582591 0.0118645
665.192 0.596148 0.012215
665.521 0.609916 0.0128991
665.85 0.604492 0.0134023
666.18 0.608596 0.0139467
666.509 0.586439 0.0136377
666.838 0.587176 0.0135875
667.167 0.596983 0.0134735
667.496 0.60237 0.0136067
667.825 0.594606 0.0134485
668.154 0.589764 0.0134349
668.483 0.58337 0.0133842
668.812 0.584244 0.0131046
669.141 0.599391 0.0131569
669.47 0.577759 0.0126065
669.798 0.587179 0.0128019
670.127 0.613943 0.0133995
670.456 0.553151 0.0122091
670.784 0.539656 0.0108663
671.113 0.534372 0.00986068
671.441 0.542118 0.0092646
671.77 0.590311 0.0097172
672.098 0.596696 0.0101218
672.426 0.641301 0.0114903
672.755 0.600254 0.0119092
673.083 0.58878 0.0121619
673.411 0.562926 0.0119888
673.739 0.586985 0.0123214
674.067 0.598191 0.0128322
674.395 0.589004 0.0130518
674.723 0.558181 0.0123502
675.051 0.57268 0.0123721
675.379 0.584288 0.0125419
675.706 0.589219 0.0125789
676.034 0.593488 0.0128784
676.362 0.601855 0.0131987
676.689 0.549141 0.0119694
677.017 0.536805 0.0109585
677.344 0.560313 0.010714
677.672 0.595665 0.0110665
677.999 0.60849 0.0115244
678.327 0.578911 0.0110607
678.654 0.543681 0.0101538
678.981 0.565441 0.0100658
679.308 0.583197 0.0101681
679.636 0.594926 0.01065
679.963 0.611298 0.0113258
680.29 0.576103 0.0113247
680.617 0.569849 0.0110636
680.944 0.549288 0.0106511
681.271 0.577679 0.0109701
681.597 0.603358 0.0118643
681.924 0.602207 0.0126703
682.251 0.584686 0.0128119
682.578 0.544807 0.0118159
682.904 0.540764 0.0110266
683.231 0.568395 0.0107896
683.557 0.56518 0.0104645
683.884 0.559326 0.0101785
684.21 0.553534 0.00980882
684.536 0.548174 0.00942386
684.863 0.556592 0.00938062
685.189 0.580528 0.00960944
685.515 0.586661 0.0100822
685.841 0.576254 0.0104038
686.167 0.566896 0.0104746
686.493 0.546131 0.0100467
686.819 0.560993 0.0102377
687.145 0.583241 0.0108009
687.471 0.60718 0.0118031
687.797 0.593747 0.012263
688.123 0.555359 0.011754
688.448 0.550474 0.0115213
688.774 0.553337 0.0110983
689.1 0.586048 0.0115411
689.425 0.610121 0.012194
689.751 0.56409 0.0119641
690.076 0.544064 0.0113459
690.402 0.523263 0.0103603
690.727 0.555219 0.0102926
691.052 0.581257 0.0106505
691.377 0.59985 0.0112168
691.703 0.589007 0.0113417
692.028 0.586578 0.0114988
692.353 0.560135 0.0109136
692.678 0.570288 0.011006
693.003 0.588997 0.0113462
693.328 0.632112 0.0127479
693.652 0.600198 0.0131729
693.977 0.552716 0.012526
694.302 0.533169 0.0117002
694.627 0.559135 0.0115427
694.951 0.59703 0.0123048
695.276 0.62367 0.013576
695.6 0.592058 0.01385
695.925 0.525566 0.0118718
696.249 0.514052 0.0102774
696.574 0.541029 0.00971934
696.898 0.599966 0.0104631
697.222 0.594176 0.0109879
697.546 0.587794 0.011412
697.871 0.565857 0.0115542
698.195 0.572185 0.01175
698.519 0.572669 0.0119815
698.843 0.586079 0.0124073
699.167 0.596301 0.0129853
699.491 0.601295 0.0135022
699.814 0.586439 0.0136563
700.138 0.577988 0.013525
700.462 0.58357 0.0137101
700.786 0.586904 0.0137694
701.109 0.572426 0.0132958
701.433 0.544481 0.0124267
701.756 0.556837 0.0121677
702.08 0.56636 0.012193
702.403 0.586029 0.0125123
702.726 0.595136 0.0131252
703.05 0.583565 0.013434
703.373 0.585346 0.0137244
703.696 0.584729 0.0136973
704.019 0.598492 0.0142843
704.342 0.612065 0.0148902
704.665 0.612255 0.0154458
704.988 0.60494 0.0155318
705.311 0.549194 0.0141187
705.634 0.53246 0.0127003
705.957 0.515894 0.0111757
706.28 0.530983 0.0104512
706.602 0.562483 0.0104155
706.925 0.579542 0.0106713
707.247 0.58407 0.011118
707.57 0.58724 0.0116763
707.892 0.572833 0.0118144
708.215 0.584578 0.0124782
708.537 0.589493 0.0130449
708.859 0.590434 0.0133087
709.182 0.565802 0.0129565
709.504 0.546844 0.0122777
709.826 0.558871 0.0121559
710.148 0.579489 0.0124644
710.47 0.583905 0.0128273
710.792 0.595043 0.0133431
711.114 0.579848 0.0135685
711.436 0.592826 0.0141965
711.758 0.588147 0.0139644
712.079 0.565028 0.0135157
712.401 0.55262 0.0129353
712.723 0.559968 0.0123814
713.044 0.537967 0.0115609
713.366 0.566076 0.0115427
713.687 0.568443 0.0115263
714.009 0.583526 0.0120862
714.33 0.579123 0.0122524
714.652 0.588632 0.0127233
714.973 0.592721 0.0131774
715.294 0.581682 0.0136468
715.615 0.599915 0.0147092
715.936 0.579383 0.0148319
716.257 0.600079 0.0153561
716.578 0.604043 0.0155002
716.899 0.57722 0.0149474
717.22 0.550396 0.0136191
717.541 0.564275 0.0134251
717.862 0.568242 0.0131631
718.182 0.579616 0.0134994
718.503 0.567721 0.0130062
718.824 0.580568 0.0133239
719.144 0.589424 0.0135849
719.465 0.601818 0.0141041
719.785 0.577722 0.0137083
720.105 0.572631 0.0132648
720.426 0.56884 0.0131028
720.746 0.589198 0.0135259
721.066 0.580212 0.0134848
721.386 0.590327 0.0137613
721.706 0.592235 0.0141575
722.026 0.594746 0.0143555
722.346 0.581386 0.0144528
722.666 0.588514 0.0144321
722.986 0.57903 0.0140149
723.306 0.581247 0.0140893
723.626 0.602382 0.0146112
723.946 0.568441 0.0142122
724.265 0.543727 0.013327
724.585 0.557222 0.0127993
724.904 0.555042 0.0124132
725.224 0.565184 0.0126365
725.543 0.5836 0.0128223
725.863 0.585839 0.0128646
726.182 0.581908 0.0131445
726.501 0.58829 0.0137451
726.82 0.587565 0.0138509
727.14 0.551413 0.0129268
727.459 0.550009 0.0126244
727.778 0.550285 0.0124302
728.097 0.578967 0.0129249
728.416 0.556625 0.0125096
728.734 0.551099 0.012154
729.053 0.56271 0.0120834
729.372 0.564256 0.0120919
729.691 0.542114 0.0116144
730.009 0.53108 0.0108717
730.328 0.537458 0.0105922
730.647 0.553807 0.0107099
730.965 0.565775 0.0110887
731.283 0.582183 0.0116925
731.602 0.570977 0.01188
731.92 0.556129 0.0116354
732.238 0.542283 0.0111843
732.557 0.547994 0.0109548
732.875 0.548567 0.0109146
733.193 0.519702 0.0100535
733.511 0.530105 0.00976645
733.829 0.554435 0.0100767
734.147 0.585573 0.0109986
734.465 0.568084 0.0114709
734.782 0.53203 0.011095
735.1 0.55075 0.0111447
735.418 0.546209 0.0109872
735.735 0.536701 0.0108201
736.053 0.554827 0.0110682
736.371 0.538775 0.010868
736.688 0.559388 0.011388
737.005 0.587664 0.0123704
737.323 0.575403 0.0128489
737.64 0.555466 0.0128042
737.957 0.547145 0.0122845
738.274 0.510575 0.0108089
738.592 0.53972 0.010622
738.909 0.557286 0.0109211
739.226 0.598148 0.0122631
739.543 0.58141 0.013052
739.86 0.578911 0.013649
740.176 0.583023 0.0142711
740.493 0.578805 0.0148662
740.81 0.584623 0.0151647
741.127 0.548811 0.0143607
741.443 0.544789 0.0138552
741.76 0.538225 0.0131198
742.076 0.566454 0.0133864
742.393 0.572782 0.0139322
742.709 0.591976 0.0149984
743.025 0.589084 0.0155736
743.342 0.572567 0.0151876
743.658 0.558525 0.0147715
743.974 0.565007 0.0145522
744.29 0.554639 0.0141519
744.606 0.576894 0.0147063
744.922 0.562435 0.0146472
745.238 0.586192 0.0149705
745.554 0.596175 0.0153492
745.87 0.576328 0.0152304
746.186 0.549203 0.0145108
746.501 0.562416 0.0141533
746.817 0.578776 0.0142436
747.132 0.593222 0.0152817
747.448 0.579612 0.0159004
747.763 0.563764 0.0157682
748.079 0.532497 0.014787
748.394 0.527014 0.0136678
748.71 0.541144 0.01293
749.025 0.524787 0.0118592
749.34 0.53752 0.0117456
749.655 0.541543 0.011865
749.97 0.554458 0.012482
750.285 0.548012 0.0125859
750.6 0.535292 0.0123083
750.915 0.520811 0.0116867
751.23 0.549483 0.0121151
751.545 0.55321 0.0125122
751.859 0.558863 0.0131927
752.174 0.55685 0.013651
752.489 0.517038 0.0124778
752.803 0.508932 0.0116935
753.118 0.527408 0.011652
753.432 0.548235 0.0121318
753.747 0.569715 0.0129205
754.061 0.531062 0.0122435
754.375 0.518173 0.011563
754.689 0.53297 0.0113867
755.004 0.531329 0.0111708
755.318 0.518183 0.0108931
755.632 0.500485 0.0102728
755.946 0.512293 0.0101223
756.26 0.509281 0.00974504
756.573 0.498857 0.00910049
756.887 0.507169 0.00890571
757.201 0.521056 0.00905393
757.515 0.564293 0.0101879
757.828 0.542857 0.0107786
758.142 0.512546 0.0105997
758.455 0.469358 0.00952796
758.769 0.483418 0.00913135
759.082 0.508572 0.00919254
759.396 0.509949 0.0089956
759.709 0.509241 0.00890614
760.022 0.519149 0.00894294
760.335 0.529996 0.00943726
760.648 0.544748 0.0101806
760.962 0.542272 0.01093
761.275 0.529075 0.0114567
761.587 0.508903 0.0115084
761.9 0.520002 0.0117162
762.213 0.510915 0.0112617
762.526 0.508539 0.0108237
762.839 0.517845 0.010874
763.151 0.510665 0.010531
763.464 0.497312 0.00986248
763.776 0.477536 0.00903712
764.089 0.498958 0.00884856
764.401 0.520814 0.00928264
764.714 0.539985 0.00994013
765.026 0.531979 0.0105101
765.338 0.528909 0.0111336
765.65 0.548959 0.0122772
765.962 0.5417 0.0128455
766.275 0.534732 0.0133022
766.587 0.52734 0.0133848
766.898 0.506934 0.0127707
767.21 0.507789 0.0122367
767.522 0.477547 0.0109323
767.834 0.502104 0.0106627
768.146 0.518489 0.0108664
768.457 0.542136 0.0115417
768.769 0.539895 0.0121524
769.08 0.515797 0.0121779
769.392 0.491368 0.0115298
769.703 0.49913 0.0110138
770.015 0.490955 0.0104771
770.326 0.499378 0.0104901
770.637 0.523416 0.0110711
770.948 0.556225 0.0121915
771.26 0.560007 0.0130902
771.571 0.507355 0.0126738
771.882 0.506661 0.0126455
772.193 0.509416 0.0123827
772.504 0.51968 0.012693
772.814 0.543219 0.0134946
773.125 0.535764 0.013606
773.436 0.528991 0.0138289
773.747 0.546582 0.0145269
774.057 0.541354 0.0148509
774.368 0.549891 0.0150219
774.678 0.560049 0.0155252
774.989 0.544975 0.0157489
775.299 0.552656 0.0162914
775.609 0.559236 0.0163975
775.919 0.547695 0.0160514
776.23 0.52339 0.0155085
776.54 0.53142 0.0158723
776.85 0.542103 0.0158951
777.16 0.531278 0.0156345
777.47 0.521729 0.014812
777.78 0.517513 0.013901
778.089 0.515659 0.0131072
778.399 0.526604 0.01321
778.709 0.539743 0.0136457
779.019 0.572686 0.0148607
779.328 0.55349 0.0155493
779.638 0.514003 0.0150494
779.947 0.494651 0.0138352
780.257 0.480908 0.0122907
780.566 0.504144 0.0119926
780.875 0.523353 0.012254
781.185 0.539161 0.0130713
781.494 0.539992 0.013577
781.803 0.512949 0.0133181
782.112 0.519989 0.0137712
782.421 0.51205 0.013569
782.73 0.4986 0.0131175
783.039 0.521383 0.0134386
783.348 0.546119 0.0144349
783.656 0.541141 0.0156235
783.965 0.534568 0.0157466
784.274 0.525121 0.0152722
784.582 0.526213 0.0147928
784.891 0.513739 0.0143407
785.199 0.531681 0.0146851
785.508 0.538194 0.0153561
785.816 0.508847 0.0151905
786.124 0.561429 0.0159392
786.432 0.519951 0.0143858
786.741 0.520101 0.0138561
787.049 0.518876 0.0136721
787.357 0.51898 0.0136431
787.665 0.497868 0.0132982
787.973 0.512315 0.0136216
788.281 0.53216 0.0143233
788.588 0.546277 0.0151012
788.896 0.567161 0.0163176
789.204 0.540166 0.0164246
789.511 0.522124 0.0164283
789.819 0.546111 0.01688
790.126 0.524957 0.0166764
790.434 0.54004 0.0170397
790.741 0.53709 0.0171302
791.049 0.553021 0.0171583
791.356 0.525076 0.0171655
791.663 0.582073 0.0189944
791.97 0.556147 0.0181922
792.277 0.588374 0.0193223
792.584 0.540939 0.0172233
792.891 0.477053 0.0142164
793.198 0.466108 0.0129322
793.505 0.509502 0.0131617
793.812 0.516052 0.0133936
794.119 0.512245 0.01374
794.425 0.492791 0.013732
794.732 0.542634 0.0150392
795.038 0.561699 0.016952
795.345 0.57825 0.0185014
795.651 0.56411 0.019292
795.958 0.538216 0.0190869
796.264 0.545693 0.0184981
796.57 0.507606 0.0168397
796.876 0.523725 0.0166657
797.183 0.571666 0.0178337
797.489 0.574178 0.0185703
797.795 0.558656 0.0184875
798.101 0.569349 0.0188822
798.406 0.568531 0.0186934
798.712 0.564132 0.0188441
799.018 0.581181 0.0198041
799.324 0.548536 0.0193978
799.629 0.596393 0.0204231
799.935 0.600522 0.0205306
800.24 0.568527 0.020119
800.546 0.553741 0.0196864
800.851 0.618087 0.0216894
801.157 0.620982 0.0220377
801.462 0.567957 0.0213952
801.767 0.578615 0.0218319
802.072 0.549487 0.0204787
802.377 0.57071 0.0201677
802.682 0.562934 0.0195311
802.987 0.576685 0.0198603
803.292 0.619577 0.0217492
803.597 0.617736 0.0220721
803.902 0.601557 0.0218599
804.207 0.552191 0.020349
804.511 0.561182 0.0201608
804.816 0.53924 0.0191641
805.12 0.528084 0.0176289
805.425 0.504251 0.016171
805.729 0.52042 0.0163293
806.034 0.57293 0.0176615
806.338 0.533485 0.0176873
806.642 0.573216 0.0190935
806.946 0.561082 0.0188433
807.251 0.55188 0.0186956
807.555 0.556305 0.0187008
807.859 0.549281 0.0184354
808.162 0.554772 0.0186137
808.466 0.558232 0.019401
808.77 0.568422 0.0200093
809.074 0.562358 0.0203671
809.378 0.589151 0.0212825
809.681 0.602464 0.0219339
809.985 0.597249 0.0217196
810.288 0.580563 0.021105
810.592 0.606889 0.0223135
810.895 0.586119 0.0220529
811.198 0.588464 0.0225046
811.502 0.635601 0.0249127
811.805 0.603313 0.0238766
812.108 0.611593 0.0246117
812.411 0.588995 0.0229861
812.714 0.548524 0.0200985
813.017 0.536011 0.0188027
813.32 0.561152 0.0191972
813.623 0.548293 0.0191869
813.926 0.612891 0.0222138
814.228 0.622136 0.0232964
814.531 0.59933 0.0235423
814.833 0.602712 0.0238635
815.136 0.611252 0.0240843
815.438 0.610255 0.0245915
815.741 0.645482 0.0249762
816.043 0.633159 0.0243757
816.345 0.600323 0.022845
816.648 0.613711 0.0232782
816.95 0.593913 0.0232181
817.252 0.627337 0.0244298
817.554 0.646728 0.0248668
817.856 0.665284 0.0257862
818.158 0.617617 0.0254812
818.46 0.634834 0.0264349
818.761 0.635567 0.025948
819.063 0.648783 0.0261802
819.365 0.600215 0.0248473
819.666 0.608257 0.0235759
819.968 0.623078 0.0230858
820.269 0.588556 0.0215164
820.571 0.617476 0.0226422
820.872 0.589485 0.022897
821.173 0.620658 0.0244872
821.475 0.635133 0.0252821
821.776 0.615034 0.0251214
822.077 0.585508 0.0246364
822.378 0.610085 0.0246986
822.679 0.624557 0.0256563
822.98 0.682373 0.0272853
823.281 0.666487 0.027484
823.581 0.645014 0.0268588
823.882 0.685591 0.0282584
824.183 0.702588 0.0278798
824.483 0.657955 0.0264288
824.784 0.609104 0.0239996
825.084 0.638814 0.0248342
825.385 0.570122 0.0230915
825.685 0.629988 0.0251792
825.985 0.678776 0.0268751
826.286 0.616122 0.0254809
826.586 0.581471 0.0239092
826.886 0.601071 0.0241771
827.186 0.615987 0.0241543
827.486 0.613823 0.0250484
827.786 0.694649 0.0275893
828.086 0.628914 0.0265696
828.386 0.572503 0.0244729
828.685 0.602358 0.0250947
828.985 0.664693 0.027266
829.285 0.676157 0.027592
829.584 0.679016 0.0277742
829.884 0.635886 0.0277188
830.183 0.702811 0.0293522
830.482 0.697738 0.0303824
830.782 0.706165 0.030849
831.081 0.791184 0.0345446
831.38 0.741663 0.0327382
831.679 0.636275 0.0282268
831.978 0.660591 0.0287494
832.277 0.674252 0.0284995
832.576 0.693176 0.0292108
832.875 0.678495 0.0291248
833.174 0.637626 0.0276168
833.472 0.696405 0.0298779
833.771 0.698759 0.0292698
834.07 0.654966 0.0277406
834.368 0.654565 0.0278943
834.667 0.724549 0.0299508
834.965 0.653407 0.0290031
835.263 0.719015 0.0306726
835.562 0.694013 0.0298534
835.86 0.72707 0.0306084
836.158 0.702418 0.0310059
836.456 0.784722 0.034374
836.754 0.695841 0.0306143
837.052 0.703633 0.0316237
837.35 0.676335 0.0305372
837.648 0.795641 0.0347015
837.946 0.705704 0.0315547
838.243 0.734466 0.0330475
838.541 0.708612 0.032257
838.839 0.647942 0.0295997
839.136 0.696899 0.0313034
839.434 0.725385 0.031879
839.731 0.70762 0.0305187
840.028 0.832469 0.0353125
840.326 0.69778 0.0309727
840.623 0.756334 0.0331124
840.92 0.771835 0.033645
841.217 0.839127 0.0365783
841.514 0.69989 0.0325165
841.811 0.715252 0.0323319
842.108 0.728853 0.0328139
842.405 0.746713 0.0335599
842.701 0.685212 0.0311187
842.998 0.781291 0.0344875
843.295 0.724943 0.0326564
843.591 0.771027 0.0344559
843.888 0.740187 0.0336943
844.184 0.814707 0.0358439
844.481 0.71772 0.0328068
844.777 0.783348 0.035828
845.073 0.774205 0.0350782
845.369 0.803409 0.0349087
845.665 0.82755 0.0363489
845.962 0.781899 0.035061
846.258 0.801162 0.0361526
846.553 0.850852 0.0378947
846.849 0.759695 0.0346229
847.145 0.691431 0.0324838
847.441 0.802408 0.0354982
847.737 0.807366 0.0366447
848.032 0.779186 0.0345284
848.328 0.772204 0.0344111
848.623 0.854995 0.0396742
848.919 0.801939 0.0363771
849.214 0.732382 0.0341097
849.509 0.778066 0.0359946
849.805 0.767135 0.0348798
850.1 0.784168 0.035908
850.395 0.86152 0.0386312
850.69 0.758672 0.0360517
850.985 0.752226 0.0341819
851.28 0.75965 0.0350363
851.575 0.747836 0.0341229
851.869 0.738092 0.034042
852.164 0.741245 0.0336042
852.459 0.691679 0.031158
852.753 0.678842 0.0301997
853.048 0.641892 0.0287339
853.342 0.665379 0.0281244
853.637 0.719184 0.0298738
853.931 0.687091 0.0291904
854.225 0.714092 0.0300168
854.52 0.643886 0.0285645
854.814 0.759046 0.0318427
855.108 0.722615 0.0324585
855.402 0.73284 0.0319109
855.696 0.771227 0.0334747
855.99 0.819814 0.0342895
856.283 0.722911 0.0320525
856.577 0.719894 0.0318123
856.871 0.675564 0.0305554
857.164 0.781374 0.033789
857.458 0.744848 0.0338072
857.751 0.752968 0.0331277
858.045 0.84682 0.0368542
858.338 0.784668 0.0339855
858.632 0.798736 0.0358365
858.925 0.787547 0.0354765
859.218 0.756662 0.0349409
859.511 0.819202 0.036002
859.804 0.86009 0.0377989
860.097 0.737969 0.0338127
860.39 0.860549 0.0375528
860.683 0.77133 0.0350913
860.976 0.815202 0.0371967
861.268 0.80898 0.0366749
861.561 0.775464 0.0358523
861.854 0.775803 0.0359995
862.146 0.818375 0.0373855
862.439 0.780197 0.0356839
862.731 0.785896 0.0360086
863.023 0.75779 0.0345565
863.316 0.7375 0.0346481
863.608 0.716509 0.0323887
863.9 0.843723 0.0384752
864.192 0.796143 0.0360091
864.484 0.919044 0.0394505
864.776 0.736347 0.0339615
865.068 0.762311 0.0361553
865.36 0.741958 0.0351674
865.651 0.787241 0.0362869
865.943 0.805985 0.0376075
866.235 0.769401 0.0360566
866.526 0.800142 0.0375207
866.818 0.837898 0.0380749
867.109 0.800608 0.0374956
867.4 0.788769 0.0360116
867.692 0.788061 0.0361724
867.983 0.774725 0.0357533
868.274 0.731745 0.0344211
868.565 0.822609 0.0369076
868.856 0.7974 0.0370016
869.147 0.774814 0.0360195
869.438 0.83777 0.0393836
869.729 0.873689 0.0400551
870.02 0.842362 0.0388747
870.31 0.823424 0.0383498
870.601 0.802985 0.0364884
870.892 0.788566 0.0370472
871.182 0.807575 0.0380116
871.473 0.821479 0.0371767
871.763 0.790691 0.0373821
872.053 0.765699 0.036316
872.343 0.798483 0.0365635
872.634 0.865985 0.039797
872.924 0.93003 0.0423362
873.214 0.835891 0.0383223
873.504 0.827071 0.0384963
873.794 0.857323 0.0386645
874.084 0.781278 0.036545
874.373 0.868034 0.0397959
874.663 0.781367 0.0364136
874.953 0.879747 0.0403088
875.242 0.84837 0.0390106
875.532 0.79758 0.0367194
875.821 0.807935 0.0383438
876.111 0.897902 0.0392464
876.4 0.799199 0.0362954
876.689 0.765858 0.0356471
876.978 0.758335 0.0363397
877.268 0.808232 0.0374358
877.557 0.779075 0.0367166
877.846 0.813843 0.0377415
878.134 0.857501 0.0397417
878.423 0.857658 0.039749
878.712 0.857816 0.0397563
