178.41 0.163238 0.0629237
178.791 0.164272 0.0633221
179.172 0.165298 0.0637177
179.553 0.432015 0.432015
179.934 0.400069 0.400069
180.316 0.511239 0.511239
180.697 0.794479 0.794479
181.078 0.921948 0.921948
181.459 0.486234 0.486234
181.84 0.258604 0.258604
182.221 3.0271 3.0271
182.602 -0.666543 -0.666543
182.983 0.211633 0.0586739
183.364 2.38154 0.506024
183.744 0.729035 0.0912435
184.125 0.9116 0.0862267
184.506 0.671437 0.0655474
184.887 0.825461 0.0838388
185.268 0.781494 0.0717541
185.648 0.601829 0.0456337
186.029 0.603972 0.0440281
186.41 0.506746 0.0379908
186.791 0.468337 0.0339866
187.171 0.634094 0.0364163
187.552 0.648194 0.0310968
187.932 0.568261 0.0266095
188.313 0.651902 0.0288353
188.694 0.583687 0.0255363
189.074 0.645497 0.0269282
189.455 0.63041 0.0259057
189.835 0.63715 0.0258871
190.216 0.579014 0.0239199
190.596 0.584708 0.0236681
190.977 0.612132 0.023623
191.357 0.672041 0.0250928
191.737 0.649865 0.024361
192.118 0.656641 0.0248735
192.498 0.636568 0.0235921
192.878 0.621962 0.022701
193.258 0.685804 0.0241137
193.639 0.73447 0.0249843
194.019 0.706655 0.0240932
194.399 0.730291 0.0244
194.779 0.686993 0.0236018
195.159 0.673781 0.0227132
195.54 0.669931 0.0224257
195.92 0.649386 0.0217587
196.3 0.676076 0.0222684
196.68 0.703323 0.0231375
197.06 0.712592 0.0228705
197.44 0.700732 0.0223348
197.82 0.683613 0.021915
198.2 0.707992 0.0221517
198.58 0.689902 0.0211529
198.959 0.687705 0.0210743
199.339 0.679427 0.0207332
199.719 0.759046 0.0225453
200.099 0.707139 0.0209053
200.479 0.727249 0.0210794
200.858 0.723139 0.0207844
201.238 0.755248 0.0214988
201.618 0.769812 0.0213342
201.998 0.733956 0.0205316
202.377 0.742911 0.0204655
202.757 0.73674 0.020033
203.136 0.780342 0.0208337
203.516 0.774386 0.0204593
203.896 0.73546 0.0193217
204.275 0.776385 0.0200699
204.655 0.767078 0.0195642
205.034 0.773116 0.0195413
205.414 0.754808 0.0187857
205.793 0.75945 0.0187049
206.172 0.73736 0.018167
206.552 0.790539 0.0188941
206.931 0.777826 0.0184238
207.31 0.772552 0.0181296
207.69 0.751314 0.0174607
208.069 0.778204 0.0178956
208.448 0.772993 0.0174973
208.827 0.776203 0.0173925
209.207 0.790545 0.0171808
209.586 0.774922 0.0167689
209.965 0.78715 0.0169435
210.344 0.781429 0.0165197
210.723 0.763533 0.016064
211.102 0.777103 0.0159463
211.481 0.788135 0.0159932
211.86 0.791693 0.0159033
212.239 0.774268 0.0154014
212.618 0.807868 0.0155699
212.997 0.80801 0.0155567
213.376 0.802118 0.0150947
213.755 0.803186 0.0148806
214.134 0.787139 0.0146638
214.513 0.812021 0.014774
214.891 0.798196 0.0143023
215.27 0.793687 0.0141594
215.649 0.795375 0.0138718
216.028 0.806856 0.0138695
216.406 0.812154 0.0136981
216.785 0.808759 0.0135705
217.164 0.809562 0.0133055
217.542 0.801212 0.0130172
217.921 0.803902 0.012883
218.3 0.832517 0.0131143
218.678 0.815861 0.0127085
219.057 0.82935 0.0126796
219.435 0.82747 0.012459
219.814 0.822478 0.0122528
220.192 0.803408 0.0119182
220.57 0.810088 0.0117933
220.949 0.82883 0.0118483
221.327 0.824264 0.0115514
221.705 0.825223 0.0114452
222.084 0.83118 0.0112937
222.462 0.831008 0.0112263
222.84 0.835744 0.0110859
223.218 0.852405 0.0110399
223.597 0.838487 0.0107354
223.975 0.834823 0.0105264
224.353 0.835418 0.0103698
224.731 0.822758 0.0101211
225.109 0.84088 0.0101616
225.487 0.851855 0.0100999
225.865 0.848008 0.00991758
226.243 0.856194 0.00982993
226.621 0.859245 0.0096943
226.999 0.852525 0.00949851
227.377 0.861152 0.00942728
227.755 0.843514 0.00916476
228.133 0.852071 0.0090978
228.511 0.869736 0.00916249
228.889 0.860722 0.00894267
229.266 0.867851 0.00891735
229.644 0.85838 0.00868399
230.022 0.864577 0.00862113
230.4 0.857666 0.00849499
230.777 0.864776 0.00844616
231.155 0.867996 0.0083636
231.533 0.855535 0.00815922
231.91 0.857738 0.00806453
232.288 0.864493 0.00805388
232.665 0.8606 0.00793954
233.043 0.860571 0.00784833
233.42 0.876403 0.00787836
233.798 0.871027 0.00774803
234.175 0.873061 0.00768297
234.553 0.887067 0.00770386
234.93 0.879616 0.00757161
235.307 0.885783 0.00754959
235.685 0.882731 0.00743485
236.062 0.878238 0.00736497
236.439 0.880492 0.00731953
236.816 0.882337 0.00723596
237.194 0.881007 0.00716121
237.571 0.883046 0.0071284
237.948 0.888305 0.00711099
238.325 0.886136 0.00704625
238.702 0.880791 0.00696323
239.079 0.881475 0.00690568
239.456 0.880614 0.00685107
239.833 0.888833 0.006828
240.21 0.890662 0.00679716
240.587 0.885792 0.00672542
240.964 0.887011 0.00668854
241.341 0.898414 0.00668668
241.718 0.895674 0.00661764
242.095 0.890418 0.00657111
242.472 0.888039 0.00650338
242.849 0.897281 0.00652798
243.225 0.887022 0.00640633
243.602 0.902366 0.00646245
243.979 0.901058 0.0064447
244.356 0.89684 0.00636522
244.732 0.892258 0.00628859
245.109 0.906055 0.0063245
245.486 0.891391 0.00622162
245.862 0.901619 0.0062505
246.239 0.904677 0.00622114
246.615 0.899041 0.00616201
246.992 0.901673 0.00613722
247.368 0.896099 0.00609091
247.745 0.902457 0.0060813
248.121 0.895249 0.00599608
248.497 0.904708 0.00604421
248.874 0.904482 0.00601163
249.25 0.900563 0.00593788
249.626 0.905924 0.00593461
250.003 0.902854 0.00589775
250.379 0.911086 0.00588709
250.755 0.900598 0.0058287
251.131 0.904681 0.00580939
251.507 0.901454 0.00581236
251.884 0.901368 0.00575083
252.26 0.904571 0.00575976
252.636 0.907977 0.00572517
253.012 0.904007 0.00569193
253.388 0.903245 0.00566463
253.764 0.908081 0.00566189
254.14 0.905007 0.00564099
254.516 0.911436 0.00564358
254.892 0.906713 0.00562365
255.268 0.908035 0.00560309
255.643 0.909592 0.00559214
256.019 0.899122 0.00552613
256.395 0.907267 0.00555557
256.771 0.907928 0.00552665
257.147 0.907186 0.00551201
257.522 0.912217 0.00553295
257.898 0.907605 0.00549106
258.274 0.904793 0.00547872
258.649 0.910629 0.0054827
259.025 0.913016 0.00546394
259.4 0.906211 0.00543168
259.776 0.914581 0.0054551
260.151 0.915009 0.00546243
260.527 0.921915 0.00547387
260.902 0.910633 0.00541031
261.278 0.913858 0.00540965
261.653 0.908487 0.00539653
262.028 0.912157 0.00540793
262.404 0.918396 0.00542155
262.779 0.916653 0.00539548
263.154 0.913539 0.00537189
263.53 0.911733 0.00534589
263.905 0.911069 0.00535874
264.28 0.915513 0.00537683
264.655 0.912744 0.0053544
265.03 0.917371 0.00538884
265.405 0.921054 0.00538007
265.781 0.909308 0.00532699
266.156 0.923531 0.00539156
266.531 0.914874 0.00533436
266.906 0.911669 0.00532964
267.281 0.916263 0.0053189
267.655 0.917787 0.00536315
268.03 0.914151 0.00533358
268.405 0.91427 0.00534381
268.78 0.924533 0.00538026
269.155 0.918471 0.00533654
269.53 0.914737 0.00532844
269.904 0.913052 0.00532165
270.279 0.922526 0.00536893
270.654 0.918286 0.00533029
271.029 0.918133 0.00534488
271.403 0.923309 0.00535944
271.778 0.919361 0.00534233
272.152 0.91519 0.00533794
272.527 0.916167 0.00533584
272.901 0.923572 0.00534743
273.276 0.92074 0.00532932
273.65 0.914865 0.00529907
274.025 0.926267 0.00536648
274.399 0.924767 0.00536591
274.774 0.923969 0.00534172
275.148 0.917137 0.0053121
275.522 0.916965 0.00529753
275.897 0.919664 0.00532788
276.271 0.922772 0.00533967
276.645 0.922457 0.00532283
277.019 0.927893 0.00534214
277.393 0.923635 0.00531476
277.768 0.926371 0.00534331
278.142 0.917967 0.00529762
278.516 0.924316 0.00535682
278.89 0.920487 0.00532049
279.264 0.926425 0.00535451
279.638 0.920968 0.00531415
280.012 0.920416 0.00530619
280.386 0.923533 0.00534817
280.76 0.919118 0.00531542
281.133 0.922851 0.00533166
281.507 0.918088 0.00530999
281.881 0.925108 0.00532432
282.255 0.925867 0.00533845
282.629 0.926576 0.00535208
283.002 0.923526 0.005341
283.376 0.922729 0.00533565
283.75 0.923724 0.00535294
284.123 0.927124 0.00535358
284.497 0.926591 0.00536023
284.87 0.924345 0.00535677
285.244 0.924518 0.00533976
285.618 0.929954 0.0053668
285.991 0.922559 0.00536921
286.364 0.930993 0.00540248
286.738 0.925714 0.00537643
287.111 0.924333 0.00535139
287.485 0.926232 0.00538477
287.858 0.922718 0.00538627
288.231 0.92198 0.00539463
288.605 0.924465 0.00541177
288.978 0.925864 0.00539528
289.351 0.928211 0.00542657
289.724 0.923898 0.00543479
290.097 0.924847 0.00542862
290.47 0.927875 0.00545369
290.843 0.922579 0.00543328
291.217 0.925961 0.00546102
291.59 0.92528 0.00549228
291.963 0.926381 0.0054827
292.336 0.922761 0.00548661
292.708 0.919461 0.00547316
293.081 0.924735 0.0054992
293.454 0.928025 0.00551709
293.827 0.923802 0.00552218
294.2 0.927713 0.00556017
294.573 0.923508 0.00553102
294.945 0.920898 0.00555875
295.318 0.920669 0.00553134
295.691 0.931913 0.00559517
296.064 0.925573 0.00558168
296.436 0.926525 0.00559132
296.809 0.935209 0.00561984
297.181 0.92639 0.00561016
297.554 0.928612 0.00563214
297.926 0.930706 0.00563807
298.299 0.928408 0.00563477
298.671 0.930058 0.00561751
299.044 0.933746 0.00565868
299.416 0.927348 0.0056293
299.788 0.930063 0.00564523
300.161 0.923421 0.00563146
300.533 0.926803 0.00564503
300.905 0.923125 0.00560657
301.278 0.928822 0.0056327
301.65 0.929702 0.00563295
302.022 0.927139 0.0056496
302.394 0.928093 0.00566301
302.766 0.934295 0.00566932
303.138 0.929104 0.00567572
303.51 0.922183 0.00561577
303.882 0.928792 0.005662
304.254 0.924679 0.00563353
304.626 0.921664 0.00561849
304.998 0.930659 0.00564104
305.37 0.924609 0.00565588
305.742 0.931369 0.00565632
306.114 0.922697 0.00563606
306.485 0.92764 0.00563976
306.857 0.922551 0.00562036
307.229 0.925235 0.00564047
307.601 0.921574 0.00564198
307.972 0.927339 0.00565365
308.344 0.926443 0.00565398
308.716 0.933018 0.00570527
309.087 0.92622 0.00565727
309.459 0.933073 0.00569225
309.83 0.922104 0.00565492
310.202 0.918714 0.00563033
310.573 0.925623 0.0056515
310.945 0.933828 0.00570087
311.316 0.9258 0.00568441
311.687 0.923086 0.00565181
312.059 0.924215 0.0056676
312.43 0.934064 0.00570466
312.801 0.922425 0.00565355
313.172 0.925667 0.00568712
313.544 0.922488 0.00567627
313.915 0.921155 0.00566549
314.286 0.927898 0.00568798
314.657 0.928696 0.00567984
315.028 0.922307 0.00567305
315.399 0.920267 0.00566967
315.77 0.931149 0.00570207
316.141 0.923618 0.00568233
316.512 0.922081 0.00568053
316.883 0.927207 0.0057245
317.254 0.93057 0.00572989
317.625 0.922218 0.00571518
317.996 0.935059 0.00574168
318.366 0.929384 0.00573488
318.737 0.92441 0.00571418
319.108 0.920072 0.00570877
319.478 0.927502 0.00575145
319.849 0.924069 0.00572293
320.22 0.92381 0.00573897
320.59 0.92552 0.00574154
320.961 0.925986 0.00575816
321.331 0.925525 0.00574337
321.702 0.925624 0.00579308
322.072 0.92549 0.0057848
322.443 0.930383 0.0058072
322.813 0.923524 0.00577223
323.184 0.928161 0.00581366
323.554 0.928512 0.00581507
323.924 0.918278 0.00577051
324.295 0.932868 0.00584708
324.665 0.925355 0.00583014
325.035 0.920912 0.00580135
325.405 0.917663 0.00581016
325.775 0.924118 0.00586669
326.145 0.925957 0.00586856
326.515 0.932362 0.00592588
326.886 0.92051 0.00588832
327.256 0.920659 0.00588987
327.626 0.927929 0.00595904
327.995 0.924015 0.00596812
328.365 0.921677 0.00596764
328.735 0.929279 0.00601717
329.105 0.923986 0.00604885
329.475 0.928861 0.00611996
329.845 0.923654 0.00612341
330.215 0.92654 0.00611909
330.584 0.924661 0.00604501
330.954 0.928906 0.00598168
331.324 0.925823 0.00583491
331.693 0.916179 0.00571368
332.063 0.927478 0.00571415
332.432 0.926728 0.00567484
332.802 0.918934 0.00565
333.171 0.919752 0.00570528
333.541 0.923217 0.00581627
333.91 0.93033 0.0058829
334.28 0.930994 0.00592943
334.649 0.926267 0.00592926
335.018 0.930531 0.00595775
335.388 0.924725 0.00595331
335.757 0.918537 0.00592929
336.126 0.921348 0.00596122
336.495 0.929212 0.00598993
336.865 0.920387 0.00597048
337.234 0.932733 0.0060505
337.603 0.924647 0.00600724
337.972 0.926276 0.00603133
338.341 0.921918 0.00599983
338.71 0.930274 0.00604185
339.079 0.929289 0.00604648
339.448 0.927679 0.00601871
339.817 0.924504 0.00602048
340.186 0.926995 0.00603997
340.554 0.927763 0.00605982
340.923 0.923347 0.00603414
341.292 0.919692 0.00605471
341.661 0.927796 0.00606468
342.029 0.920621 0.00603457
342.398 0.930458 0.00609353
342.767 0.925743 0.00610033
343.135 0.927175 0.00606813
343.504 0.927085 0.00610969
343.872 0.923937 0.00606482
344.241 0.921608 0.00605966
344.609 0.922208 0.00608105
344.978 0.921746 0.00608665
345.346 0.927746 0.00608918
345.715 0.925854 0.00610659
346.083 0.918222 0.0060796
346.451 0.926759 0.00612829
346.82 0.918974 0.00609705
347.188 0.917868 0.00608708
347.556 0.922108 0.00612109
347.924 0.912122 0.00605729
348.292 0.931977 0.00620326
348.66 0.922787 0.00615644
349.028 0.92477 0.00614534
349.396 0.919424 0.00613836
349.764 0.915026 0.00611945
350.132 0.928821 0.00619913
350.5 0.918782 0.00614208
350.868 0.929072 0.00621878
351.236 0.922977 0.00618459
351.604 0.922377 0.00620317
351.972 0.932814 0.00624727
352.34 0.921768 0.00620894
352.707 0.925106 0.00622242
353.075 0.920559 0.00619301
353.443 0.914742 0.00619441
353.81 0.920836 0.0062401
354.178 0.924341 0.00625315
354.545 0.918201 0.00620896
354.913 0.924334 0.00625057
355.28 0.916743 0.00621384
355.648 0.917427 0.00622973
356.015 0.925314 0.00627753
356.383 0.923626 0.00626099
356.75 0.91872 0.00626596
357.117 0.923179 0.00627882
357.485 0.926673 0.00631306
357.852 0.92408 0.00629856
358.219 0.927018 0.00631556
358.586 0.925184 0.00630349
358.954 0.922803 0.00630555
359.321 0.918652 0.00629585
359.688 0.92453 0.00633657
360.055 0.917653 0.00630145
360.422 0.924438 0.00631746
360.789 0.922594 0.00634074
361.156 0.921407 0.00633508
361.523 0.923131 0.00636566
361.89 0.918652 0.00635075
362.256 0.916481 0.0063026
362.623 0.919507 0.00636444
362.99 0.932112 0.00643361
363.357 0.928494 0.00641322
363.724 0.924344 0.0063898
364.09 0.924303 0.00639982
364.457 0.926645 0.00643677
364.823 0.92381 0.00638364
365.19 0.913963 0.00634469
365.557 0.926707 0.0064151
365.923 0.921556 0.00639809
366.29 0.921868 0.00640716
366.656 0.926722 0.00643205
367.022 0.91974 0.00637469
367.389 0.926699 0.00644074
367.755 0.9118 0.00637637
368.121 0.922829 0.00645094
368.488 0.923032 0.00644285
368.854 0.923666 0.00644758
369.22 0.930945 0.00652116
369.586 0.926007 0.00651937
369.952 0.91897 0.00650473
370.318 0.918781 0.00652441
370.684 0.927092 0.00657365
371.051 0.923085 0.00654751
371.416 0.922637 0.00657994
371.782 0.909966 0.00651366
372.148 0.921306 0.00656741
372.514 0.920072 0.0065905
372.88 0.911628 0.00655231
373.246 0.924581 0.00661895
373.612 0.921946 0.00659584
373.977 0.920016 0.00656503
374.343 0.929098 0.00659269
374.709 0.920568 0.00654108
375.074 0.921853 0.00657007
375.44 0.919256 0.00657652
375.806 0.923702 0.0066252
376.171 0.926224 0.00662846
376.537 0.917704 0.00657519
376.902 0.925695 0.00663295
377.268 0.921603 0.00659215
377.633 0.923733 0.00658561
377.998 0.911195 0.00649419
378.364 0.918975 0.00649852
378.729 0.918642 0.00648565
379.094 0.917752 0.00650485
379.459 0.927113 0.00661758
379.825 0.921413 0.00659719
380.19 0.923407 0.00660763
380.555 0.922446 0.0066632
380.92 0.922575 0.00671489
381.285 0.927774 0.00676359
381.65 0.920272 0.0066969
382.015 0.917556 0.00666039
382.38 0.928353 0.00673039
382.745 0.921153 0.00675821
383.11 0.912647 0.00671481
383.474 0.922412 0.00675322
383.839 0.912616 0.00671602
384.204 0.923428 0.00678707
384.569 0.914068 0.00674891
384.933 0.922322 0.00679289
385.298 0.925627 0.00685188
385.663 0.925558 0.00686604
386.027 0.919974 0.0068013
386.392 0.920758 0.00678192
386.756 0.922457 0.00674456
387.121 0.926388 0.00676617
387.485 0.915826 0.00667283
387.849 0.91613 0.00663139
388.214 0.922681 0.0067486
388.578 0.916907 0.00672706
388.942 0.923235 0.00682964
389.307 0.913402 0.00676083
389.671 0.919178 0.00682122
390.035 0.914849 0.00676807
390.399 0.922152 0.00679728
390.763 0.913816 0.00673169
391.127 0.91197 0.00667413
391.492 0.918352 0.0066269
391.856 0.917425 0.00656598
392.219 0.915837 0.00647315
392.583 0.924835 0.00655028
392.947 0.925481 0.00665078
393.311 0.919022 0.00671255
393.675 0.922981 0.00675677
394.039 0.910694 0.00672907
394.403 0.915731 0.00677295
394.766 0.92623 0.00685588
395.13 0.92207 0.00684556
395.494 0.912656 0.00680115
395.857 0.922881 0.00683496
396.221 0.918995 0.00678739
396.584 0.919908 0.00674747
396.948 0.91324 0.00665216
397.311 0.916531 0.00656273
397.675 0.918339 0.00652987
398.038 0.918397 0.00651007
398.401 0.91635 0.00659111
398.765 0.925914 0.00672455
399.128 0.92247 0.00681122
399.491 0.91685 0.00683615
399.854 0.916736 0.00686257
400.218 0.909333 0.00682104
400.581 0.919387 0.00693044
400.944 0.912291 0.00689448
401.307 0.916219 0.00702547
401.67 0.916881 0.00700958
402.033 0.910241 0.0069897
402.396 0.908641 0.00698925
402.759 0.911681 0.00699821
403.122 0.920327 0.00702416
403.485 0.916755 0.00699952
403.847 0.911889 0.00693871
404.21 0.91344 0.00691165
404.573 0.920822 0.00691134
404.936 0.906855 0.00679688
405.298 0.910375 0.00689744
405.661 0.917074 0.00702519
406.023 0.915206 0.00709884
406.386 0.907243 0.00708452
406.749 0.917284 0.00718698
407.111 0.920164 0.00723391
407.473 0.913122 0.00710632
407.836 0.91369 0.00704928
408.198 0.928073 0.00708797
408.561 0.917682 0.00704992
408.923 0.910144 0.0069959
409.285 0.898136 0.00694012
409.647 0.913618 0.00710273
410.009 0.921478 0.00719884
410.372 0.919445 0.00719014
410.734 0.914785 0.00720799
411.096 0.915266 0.00720546
411.458 0.913848 0.00720272
411.82 0.916354 0.00716336
412.182 0.905991 0.00705125
412.544 0.912681 0.00710534
412.906 0.918334 0.00712639
413.267 0.908517 0.00707377
413.629 0.913989 0.00716814
413.991 0.911534 0.00719712
414.353 0.915678 0.00722326
414.714 0.920544 0.00733669
415.076 0.916765 0.00729817
415.438 0.915291 0.00728495
415.799 0.908918 0.00721779
416.161 0.912459 0.00730156
416.522 0.913353 0.0073507
416.884 0.920851 0.00738306
417.245 0.914794 0.00737192
417.607 0.911483 0.00734655
417.968 0.914357 0.00738571
418.329 0.905752 0.00729788
418.691 0.915714 0.00734492
419.052 0.909669 0.00730941
419.413 0.919062 0.00733101
419.774 0.922758 0.00729682
420.135 0.908933 0.00710266
420.497 0.908679 0.00698761
420.858 0.916339 0.00691951
421.219 0.920769 0.00691807
421.58 0.917675 0.00696313
421.941 0.906177 0.00700402
422.302 0.913846 0.00717875
422.662 0.91709 0.00722949
423.023 0.905656 0.00722304
423.384 0.909334 0.00726639
423.745 0.912307 0.00725344
424.106 0.914979 0.00726467
424.466 0.914633 0.00720369
424.827 0.904606 0.00722198
425.187 0.915103 0.00740496
425.548 0.919473 0.00751451
425.909 0.910817 0.00750317
426.269 0.903422 0.00742295
426.63 0.9149 0.00744209
426.99 0.905139 0.00731505
427.35 0.91264 0.00737651
427.711 0.911378 0.00736655
428.071 0.914952 0.00731187
428.431 0.904275 0.00715243
428.792 0.910254 0.00694988
429.152 0.913122 0.00675493
429.512 0.921515 0.00674541
429.872 0.91795 0.00674771
430.232 0.90731 0.00677647
430.592 0.915836 0.00700767
430.952 0.915641 0.00721574
431.312 0.911875 0.00736017
431.672 0.908454 0.00749626
432.032 0.909982 0.00750976
432.392 0.918609 0.00748991
432.752 0.911435 0.00712437
433.111 0.911396 0.00691362
433.471 0.922838 0.00699385
433.831 0.922224 0.00727366
434.19 0.911822 0.00725893
434.55 0.915105 0.0072592
434.91 0.912316 0.00734567
435.269 0.90946 0.00727052
435.629 0.910829 0.00724113
435.988 0.925172 0.00727228
436.348 0.916614 0.00728244
436.707 0.914515 0.00740623
437.066 0.904361 0.00737374
437.426 0.909603 0.0073571
437.785 0.906205 0.00729646
438.144 0.913312 0.00731199
438.503 0.91627 0.00739325
438.862 0.910109 0.0073935
439.222 0.912394 0.00743862
439.581 0.910221 0.00749775
439.94 0.919213 0.00750777
440.299 0.91632 0.00723637
440.658 0.901718 0.00693407
441.017 0.912678 0.00694809
441.376 0.917657 0.0070269
441.734 0.908651 0.00708642
442.093 0.907122 0.00710088
442.452 0.905559 0.00704968
442.811 0.903686 0.00698663
443.169 0.906276 0.00701756
443.528 0.912694 0.00714655
443.887 0.909168 0.00716197
444.245 0.908261 0.00716023
444.604 0.914401 0.00727969
444.962 0.91579 0.00733463
445.321 0.911261 0.00730418
445.679 0.910354 0.00726982
446.038 0.913802 0.00725078
446.396 0.907529 0.00729667
446.754 0.911437 0.00742296
447.112 0.909127 0.00743466
447.471 0.913595 0.00752236
447.829 0.901019 0.00750234
448.187 0.905453 0.00749354
448.545 0.907386 0.0074905
448.903 0.913099 0.00752922
449.261 0.912415 0.00754742
449.619 0.908872 0.00759035
449.977 0.906662 0.00759773
450.335 0.906599 0.00767819
450.693 0.90115 0.00769077
451.051 0.917573 0.00778497
451.409 0.897932 0.00767605
451.766 0.92311 0.00784183
452.124 0.910738 0.0078763
452.482 0.902419 0.00789842
452.839 0.904377 0.00795839
453.197 0.922044 0.00813303
453.555 0.916041 0.00811988
453.912 0.917196 0.00817157
454.27 0.901115 0.00792229
454.627 0.917555 0.00793079
454.984 0.902473 0.00782436
455.342 0.920606 0.00801671
455.699 0.904517 0.00801472
456.056 0.912685 0.00806579
456.414 0.903771 0.00792169
456.771 0.909921 0.00786672
457.128 0.912364 0.00782451
457.485 0.902 0.00769774
457.842 0.908189 0.00777027
458.199 0.913111 0.00780638
458.556 0.907339 0.00770883
458.913 0.915359 0.0077666
459.27 0.908623 0.0076739
459.627 0.904386 0.00772826
459.984 0.900899 0.00768261
460.341 0.922593 0.00779383
460.697 0.910907 0.00782456
461.054 0.918293 0.00804603
461.411 0.916313 0.00821259
461.767 0.911119 0.00829002
462.124 0.910682 0.00833815
462.481 0.912167 0.00821526
462.837 0.908186 0.00808597
463.194 0.903819 0.00788675
463.55 0.904448 0.0079316
463.907 0.908919 0.00776245
464.263 0.913845 0.00767355
464.619 0.903953 0.00751573
464.976 0.909801 0.00740244
465.332 0.922611 0.00743167
465.688 0.913298 0.00752806
466.044 0.916218 0.00784458
466.4 0.930832 0.00808808
466.756 0.912192 0.00807524
467.112 0.911898 0.008047
467.468 0.9164 0.00810435
467.824 0.901598 0.0080262
468.18 0.912716 0.00821299
468.536 0.907829 0.00823194
468.892 0.909926 0.00832418
469.248 0.905742 0.00834327
469.604 0.901441 0.00839497
469.959 0.912477 0.00848342
470.315 0.905339 0.00840731
470.671 0.9105 0.00844162
471.026 0.903845 0.00834533
471.382 0.906951 0.00829311
471.737 0.902285 0.00818949
472.093 0.899732 0.0080679
472.448 0.912598 0.00800633
472.804 0.903583 0.00783117
473.159 0.90709 0.00781289
473.514 0.909205 0.00782965
473.87 0.898921 0.00770823
474.225 0.895882 0.00748643
474.58 0.902213 0.0073476
474.935 0.914723 0.0074061
475.29 0.907263 0.00747161
475.645 0.912056 0.00754046
476 0.90327 0.00750539
476.355 0.911199 0.00761098
476.71 0.905687 0.00760893
477.065 0.910501 0.00747822
477.42 0.903197 0.00727964
477.775 0.913845 0.00733486
478.13 0.905362 0.00730677
478.485 0.911073 0.00732445
478.839 0.909849 0.00727617
479.194 0.904946 0.00707515
479.549 0.900099 0.00690659
479.903 0.919581 0.00699183
480.258 0.916517 0.00708708
480.612 0.906436 0.00693153
480.967 0.900353 0.0067712
481.321 0.910112 0.0067682
481.675 0.910799 0.00689226
482.03 0.908875 0.00702664
482.384 0.906573 0.00704996
482.738 0.906587 0.00701175
483.093 0.910863 0.00700112
483.447 0.895797 0.00677088
483.801 0.901446 0.00661908
484.155 0.912934 0.00656053
484.509 0.871308 0.00595444
484.863 0.853497 0.0039571
485.217 0.89447 0.00355138
485.571 0.915438 0.00355419
485.925 0.952564 0.00441681
486.279 0.934808 0.00521375
486.632 0.920164 0.00564938
486.986 0.921857 0.00613844
487.34 0.911234 0.0065549
487.694 0.909607 0.00678197
488.047 0.909832 0.00686303
488.401 0.904574 0.0068352
488.754 0.900443 0.00686223
489.108 0.911339 0.00699885
489.461 0.91027 0.00706634
489.815 0.915347 0.00716897
490.168 0.91027 0.00706466
490.522 0.90952 0.00703819
490.875 0.907252 0.00703861
491.228 0.904483 0.00706276
491.581 0.906985 0.00702869
491.935 0.908673 0.00705405
492.288 0.907003 0.00707027
492.641 0.903974 0.00701831
492.994 0.890718 0.00694688
493.347 0.907951 0.006971
493.7 0.90351 0.00691736
494.053 0.907275 0.00695446
494.406 0.911342 0.00706214
494.759 0.911152 0.00722592
495.111 0.898974 0.00700726
495.464 0.900455 0.00671455
495.817 0.899939 0.00651984
496.169 0.919716 0.00677144
496.522 0.913581 0.00701228
496.875 0.905801 0.00724529
497.227 0.894495 0.00725298
497.58 0.904935 0.00734136
497.932 0.905263 0.00727938
498.285 0.905298 0.00722841
498.637 0.896615 0.00702717
498.989 0.908991 0.0069735
499.342 0.905312 0.00696273
499.694 0.909505 0.00711921
500.046 0.910398 0.00724999
500.398 0.905083 0.00705658
500.751 0.899538 0.00691357
501.103 0.899945 0.00693283
501.455 0.902948 0.00693067
501.807 0.902666 0.00694156
502.159 0.903816 0.00694675
502.511 0.907885 0.00697365
502.862 0.905655 0.00698051
503.214 0.908609 0.0070812
503.566 0.908652 0.00720992
503.918 0.89688 0.0072575
504.27 0.900081 0.00725019
504.621 0.908031 0.00728773
504.973 0.907477 0.00735668
505.324 0.904383 0.00731893
505.676 0.906167 0.00719718
506.027 0.902155 0.0071481
506.379 0.906672 0.00739221
506.73 0.903373 0.00754036
507.082 0.896171 0.00744347
507.433 0.900816 0.00735336
507.784 0.913992 0.00735608
508.136 0.909886 0.00743357
508.487 0.900676 0.00742843
508.838 0.906427 0.00755639
509.189 0.90352 0.00754908
509.54 0.911769 0.00749695
509.891 0.912038 0.00757603
510.242 0.897469 0.00749043
510.593 0.905986 0.00757628
510.944 0.902582 0.00761704
511.295 0.911938 0.00777095
511.646 0.911563 0.00790391
511.996 0.907554 0.00784494
512.347 0.908321 0.0077897
512.698 0.915169 0.00780146
513.049 0.897462 0.00774062
513.399 0.912572 0.00791385
513.75 0.909806 0.00786559
514.1 0.899547 0.00789121
514.451 0.913744 0.00815729
514.801 0.914406 0.00822099
515.152 0.907584 0.00808562
515.502 0.892824 0.0078736
515.852 0.904272 0.00785358
516.202 0.89948 0.00782887
516.553 0.9075 0.00795161
516.903 0.912341 0.00809124
517.253 0.900744 0.00817381
517.603 0.903826 0.00824229
517.953 0.893786 0.00810578
518.303 0.906354 0.00802957
518.653 0.899565 0.00787875
519.003 0.909403 0.00799221
519.353 0.907109 0.00824029
519.703 0.917731 0.00853301
520.052 0.899282 0.00846006
520.402 0.905025 0.00846581
520.752 0.915843 0.00842313
521.102 0.907968 0.00841723
521.451 0.907768 0.00854546
521.801 0.900132 0.00848636
522.15 0.912483 0.00848905
522.5 0.909946 0.00837409
522.849 0.901126 0.00835562
523.199 0.902059 0.00825065
523.548 0.902189 0.00823065
523.897 0.900237 0.00820594
524.246 0.909363 0.00841517
524.596 0.909914 0.00855606
524.945 0.896723 0.00843504
525.294 0.897663 0.00843123
525.643 0.911083 0.00850271
525.992 0.904368 0.00845254
526.341 0.901921 0.00837521
526.69 0.911205 0.00850347
527.039 0.909908 0.00857274
527.388 0.899444 0.00857342
527.737 0.884906 0.00827834
528.086 0.89813 0.00807845
528.434 0.917234 0.0079945
528.783 0.905881 0.00804637
529.132 0.907213 0.00821937
529.48 0.913442 0.00838404
529.829 0.913109 0.00847189
530.177 0.918357 0.00854988
530.526 0.912721 0.00858034
530.874 0.894987 0.00840891
531.223 0.893591 0.00838436
531.571 0.897863 0.00840067
531.919 0.901478 0.00844012
532.268 0.898364 0.00820714
532.616 0.900226 0.00794105
532.964 0.905618 0.00781169
533.312 0.914796 0.00787151
533.66 0.903119 0.0078192
534.008 0.901099 0.0077836
534.356 0.899867 0.00776599
534.704 0.907794 0.00787792
535.052 0.903663 0.00793161
535.4 0.904212 0.00810135
535.748 0.913538 0.00836218
536.095 0.910466 0.00856125
536.443 0.899922 0.008551
536.791 0.89443 0.00838718
537.139 0.897054 0.00819086
537.486 0.90864 0.00807601
537.834 0.899531 0.00795064
538.181 0.896959 0.0079082
538.529 0.898073 0.00791463
538.876 0.904209 0.00795722
539.223 0.913953 0.00808541
539.571 0.905017 0.0082165
539.918 0.908892 0.00822896
540.265 0.898759 0.00804258
540.613 0.904273 0.0079499
540.96 0.901422 0.00799156
541.307 0.896509 0.0079967
541.654 0.90779 0.00809716
542.001 0.904982 0.00802788
542.348 0.900732 0.00802393
542.695 0.90093 0.00803436
543.042 0.8956 0.00789514
543.388 0.899418 0.00782759
543.735 0.905607 0.00781976
544.082 0.899809 0.00779524
544.429 0.904713 0.00782434
544.775 0.900942 0.00796843
545.122 0.916072 0.00826888
545.469 0.911 0.00841375
545.815 0.893034 0.00832033
546.162 0.8953 0.00827018
546.508 0.891276 0.00807883
546.854 0.898175 0.00789231
547.201 0.892496 0.0075175
547.547 0.902273 0.0074809
547.893 0.912272 0.00763806
548.24 0.907108 0.00795109
548.586 0.910778 0.00840644
548.932 0.906511 0.00850805
549.278 0.898823 0.00856672
549.624 0.903693 0.00847593
549.97 0.903352 0.00856671
550.316 0.908818 0.00878291
550.662 0.904836 0.00882542
551.008 0.889698 0.00846278
551.353 0.90438 0.00805241
551.699 0.895429 0.00771202
552.045 0.916169 0.00796505
552.391 0.898859 0.00809822
552.736 0.901621 0.00815588
553.082 0.899903 0.00817994
553.427 0.902499 0.00828307
553.773 0.907901 0.00859496
554.118 0.907405 0.00868427
554.464 0.897748 0.00840706
554.809 0.890778 0.00807599
555.154 0.901161 0.00793009
555.5 0.913163 0.00803727
555.845 0.910996 0.00825587
556.19 0.899382 0.00839203
556.535 0.899087 0.00862699
556.88 0.911359 0.00861751
557.225 0.911077 0.00855741
557.57 0.895478 0.00858151
557.915 0.915462 0.00893946
558.26 0.902496 0.00897101
558.605 0.89982 0.00898811
558.95 0.899964 0.00884379
559.295 0.879885 0.00831764
559.639 0.890661 0.00801814
559.984 0.897754 0.00777013
560.329 0.9053 0.00771439
560.673 0.909571 0.00775163
561.018 0.912972 0.00795492
561.362 0.910071 0.00812695
561.707 0.903297 0.00830988
562.051 0.894231 0.00819882
562.395 0.900207 0.00819468
562.74 0.900304 0.00800973
563.084 0.904401 0.00790256
563.428 0.9 0.00770586
563.772 0.903397 0.00775275
564.117 0.900354 0.00768565
564.461 0.89891 0.00764315
564.805 0.903558 0.007745
565.149 0.895009 0.00767893
565.493 0.897358 0.00766623
565.836 0.888357 0.00751924
566.18 0.892563 0.00744987
566.524 0.883834 0.00696519
566.868 0.908229 0.00681873
567.212 0.896516 0.00664654
567.555 0.890288 0.00654263
567.899 0.887664 0.0062748
568.242 0.893558 0.00602799
568.586 0.887725 0.00565779
568.929 0.890533 0.00530157
569.273 0.892723 0.00499702
569.616 0.89627 0.00494438
569.96 0.89729 0.00488357
570.303 0.896608 0.00473521
570.646 0.901409 0.00467552
570.989 0.892859 0.00452591
571.333 0.904041 0.00455102
571.676 0.906777 0.00468999
572.019 0.912327 0.00509775
572.362 0.892228 0.00489628
572.705 0.884781 0.00452474
573.048 0.897054 0.00430444
573.391 0.894422 0.00415915
573.733 0.891134 0.00405903
574.076 0.89707 0.00402753
574.419 0.900649 0.00409662
574.762 0.905544 0.00432473
575.104 0.910108 0.00461935
575.447 0.893345 0.00464959
575.789 0.886644 0.00438864
576.132 0.891205 0.0041075
576.474 0.896692 0.00409437
576.817 0.884955 0.0037874
577.159 0.886458 0.00357622
577.501 0.90102 0.00356042
577.844 0.911503 0.00377704
578.186 0.920274 0.00423082
578.528 0.902481 0.00445026
578.87 0.89854 0.00446507
579.212 0.885999 0.00434429
579.554 0.893934 0.00418497
579.896 0.894265 0.00421688
580.238 0.888724 0.00405677
580.58 0.879322 0.00354127
580.922 0.90271 0.00345139
581.264 0.902666 0.00345123
581.606 0.912452 0.00349188
581.947 0.907587 0.00368305
582.289 0.916818 0.00406918
582.631 0.913576 0.00451513
582.972 0.901892 0.00482958
583.314 0.899177 0.00484296
583.655 0.892584 0.00472471
583.997 0.880068 0.00432397
584.338 0.88466 0.00399252
584.679 0.888558 0.00381806
585.021 0.903137 0.0038777
585.362 0.90902 0.0041637
585.703 0.9145 0.00448799
586.044 0.892297 0.00455537
586.385 0.887865 0.00432277
586.726 0.891237 0.00411849
587.067 0.906342 0.00423061
587.408 0.907248 0.00448084
587.749 0.910407 0.00470018
588.09 0.903412 0.00488797
588.431 0.902257 0.00513577
588.772 0.898953 0.00539538
589.113 0.887277 0.00530482
589.453 0.903273 0.00532731
589.794 0.903658 0.00543913
590.134 0.900374 0.00570075
590.475 0.900199 0.00588447
590.815 0.893249 0.0058496
591.156 0.905929 0.00587985
591.496 0.882762 0.00574961
591.837 0.866981 0.00494243
592.177 0.883378 0.00450826
592.517 0.89226 0.00424893
592.857 0.908706 0.00445193
593.198 0.913593 0.00472602
593.538 0.911492 0.00517691
593.878 0.902412 0.00542483
594.218 0.882238 0.00525746
594.558 0.894121 0.00506284
594.898 0.898539 0.00514373
595.237 0.90531 0.00543401
595.577 0.905562 0.00580349
595.917 0.898191 0.00611464
596.257 0.89424 0.00596617
596.596 0.892445 0.00579682
596.936 0.895235 0.00562477
597.276 0.895859 0.00583752
597.615 0.891733 0.00582303
597.955 0.87794 0.00518962
598.294 0.890994 0.00479779
598.633 0.897993 0.00476351
598.973 0.911334 0.00498167
599.312 0.893019 0.00495736
599.651 0.901821 0.00497205
599.991 0.903368 0.00510754
600.33 0.899195 0.00515027
600.669 0.909444 0.0053349
601.008 0.901628 0.00547076
601.347 0.903704 0.00570748
601.686 0.893088 0.00556691
602.025 0.901003 0.00559056
602.364 0.88558 0.00531968
602.702 0.896415 0.00525177
603.041 0.896024 0.00522493
603.38 0.899412 0.00542779
603.719 0.90556 0.00571987
604.057 0.900573 0.00590814
604.396 0.887817 0.00587121
604.734 0.89226 0.00574559
605.073 0.892617 0.00524855
605.411 0.900998 0.00527573
605.75 0.898576 0.00537394
606.088 0.898582 0.00571096
606.426 0.89505 0.00563295
606.764 0.893591 0.00553365
607.103 0.899474 0.00562068
607.441 0.897758 0.00586483
607.779 0.900224 0.00604152
608.117 0.897677 0.00600343
608.455 0.905103 0.00620349
608.793 0.895974 0.00634102
609.131 0.887151 0.00597011
609.469 0.893424 0.00577202
609.806 0.897997 0.0057656
610.144 0.907076 0.00621846
610.482 0.895575 0.00636025
610.819 0.903396 0.0063506
611.157 0.893694 0.00633818
611.495 0.89641 0.00655308
611.832 0.897595 0.00663469
612.17 0.890151 0.00655981
612.507 0.896037 0.00649442
612.844 0.893011 0.00653495
613.182 0.899084 0.0065921
613.519 0.890605 0.00652363
613.856 0.893062 0.00649068
614.193 0.891929 0.0064644
614.53 0.889556 0.00630298
614.867 0.88698 0.00620773
615.205 0.913633 0.00662221
615.541 0.900077 0.00677878
615.878 0.891433 0.00706855
616.215 0.897009 0.00709904
616.552 0.892817 0.00711851
616.889 0.88755 0.00699221
617.226 0.892706 0.00688485
617.562 0.886415 0.00698198
617.899 0.900731 0.00746287
618.235 0.906931 0.00790696
618.572 0.893659 0.00819079
618.908 0.888762 0.00801809
619.245 0.890106 0.00767145
619.581 0.886669 0.00745336
619.918 0.909931 0.00796295
620.254 0.91537 0.00901163
620.59 0.895072 0.00931302
620.926 0.88469 0.00876266
621.262 0.900795 0.00835709
621.599 0.894836 0.00817664
621.935 0.893207 0.00820601
622.271 0.892525 0.00790317
622.606 0.887755 0.0076475
622.942 0.90297 0.00780693
623.278 0.901762 0.00810517
623.614 0.879043 0.00769649
623.95 0.898684 0.00765759
624.285 0.88653 0.00769368
624.621 0.90073 0.00816435
624.957 0.893535 0.00843292
625.292 0.902923 0.00866623
625.628 0.900524 0.00898987
625.963 0.882618 0.00901549
626.299 0.892614 0.00890523
626.634 0.883709 0.00870661
626.969 0.903547 0.00890582
627.304 0.909949 0.0095178
627.64 0.88548 0.0101366
627.975 0.889394 0.0102062
628.31 0.871733 0.00963123
628.645 0.889798 0.00934608
628.98 0.887324 0.00949127
629.315 0.883481 0.00959254
629.65 0.886087 0.00970056
629.985 0.893835 0.00975242
630.319 0.896504 0.0101585
630.654 0.892778 0.010318
630.989 0.882244 0.0101916
631.323 0.886092 0.0104127
631.658 0.909932 0.0108583
631.993 0.899314 0.011296
632.327 0.886455 0.0113153
632.662 0.887295 0.0112973
632.996 0.888798 0.0111546
633.33 0.89649 0.0110995
633.665 0.894436 0.011279
633.999 0.886372 0.011537
634.333 0.902415 0.0117931
634.667 0.893805 0.0117446
635.001 0.897522 0.0114368
635.335 0.873171 0.0109367
635.669 0.888378 0.0105849
636.003 0.891142 0.0106064
636.337 0.883602 0.0109773
636.671 0.895583 0.0115935
637.005 0.894569 0.0120733
637.339 0.874789 0.0119792
637.672 0.885693 0.0117419
638.006 0.891084 0.0114748
638.339 0.894915 0.0114768
638.673 0.91071 0.0119799
639.006 0.896672 0.012171
639.34 0.895736 0.0122913
639.673 0.882706 0.0123213
640.007 0.891715 0.0124013
640.34 0.889404 0.0125025
640.673 0.892133 0.0127919
641.006 0.89943 0.0129799
641.34 0.885501 0.0129794
641.673 0.879884 0.0132514
642.006 0.884794 0.0135367
642.339 0.885128 0.0133829
642.672 0.902538 0.0133935
643.004 0.895265 0.0133965
643.337 0.890337 0.0136457
643.67 0.891524 0.0137843
644.003 0.867581 0.0133667
644.336 0.893713 0.0136482
644.668 0.900384 0.0137379
645.001 0.908432 0.0139683
645.333 0.900246 0.0141122
645.666 0.900982 0.0145189
645.998 0.910292 0.0149588
646.331 0.884314 0.0147503
646.663 0.878183 0.0146781
646.995 0.867503 0.0138694
647.327 0.893438 0.013159
647.66 0.885579 0.0121654
647.992 0.880285 0.0118125
648.324 0.877624 0.0116892
648.656 0.891696 0.0119313
648.988 0.890963 0.0123103
649.32 0.899744 0.0130695
649.652 0.89931 0.0138466
649.983 0.888498 0.0141289
650.315 0.895204 0.0143903
650.647 0.867827 0.0139327
650.979 0.884671 0.0134762
651.31 0.882667 0.0129634
651.642 0.871054 0.0124078
651.973 0.885096 0.0124644
652.305 0.891069 0.0124975
652.636 0.88389 0.012506
652.967 0.90515 0.0130087
653.299 0.877299 0.0130337
653.63 0.888669 0.0131807
653.961 0.874938 0.0124523
654.292 0.839598 0.0101959
654.623 0.727587 0.00393788
654.955 0.895916 0.00342542
655.286 0.895861 0.00342521
655.616 0.895806 0.00342499
655.947 0.895749 0.00342478
656.278 0.895692 0.00342456
656.609 0.895634 0.00342434
656.94 0.928798 0.00438552
657.27 0.914234 0.00515544
657.601 0.909817 0.00589346
657.932 0.924742 0.00706661
658.262 0.927708 0.00864054
658.593 0.925246 0.010533
658.923 0.92892 0.0126168
659.254 0.909671 0.0139076
659.584 0.902247 0.0148792
659.914 0.895528 0.0155093
660.244 0.895696 0.0160394
660.575 0.902216 0.0161975
660.905 0.892114 0.0161089
661.235 0.898729 0.0159556
661.565 0.886102 0.015656
661.895 0.892548 0.0156725
662.225 0.885064 0.015831
662.555 0.906195 0.0161595
662.884 0.888302 0.0159873
663.214 0.87338 0.0155513
663.544 0.892699 0.0155113
663.873 0.900424 0.0155559
664.203 0.870474 0.0148333
664.533 0.894222 0.0149156
664.862 0.86463 0.0144538
665.192 0.899315 0.0150028
665.521 0.906556 0.0157261
665.85 0.901395 0.0163659
666.18 0.879447 0.0167653
666.509 0.886298 0.0167656
666.838 0.892686 0.0167535
667.167 0.899933 0.0165426
667.496 0.89796 0.016613
667.825 0.889654 0.0164501
668.154 0.875303 0.0163671
668.483 0.888534 0.016518
668.812 0.888759 0.0161629
669.141 0.881154 0.0159524
669.47 0.869397 0.0154643
669.798 0.868263 0.0155673
670.127 0.914886 0.0163572
670.456 0.886822 0.015459
670.784 0.875334 0.0138391
671.113 0.885814 0.0126957
671.441 0.872443 0.011753
671.77 0.888313 0.0119202
672.098 0.895717 0.0124013
672.426 0.919977 0.0137622
672.755 0.873302 0.0143647
673.083 0.875692 0.014832
673.411 0.869689 0.0149016
673.739 0.900006 0.015257
674.067 0.876066 0.0155292
674.395 0.888125 0.0160268
674.723 0.858745 0.0153186
675.051 0.890117 0.0154245
675.379 0.886694 0.0154503
675.706 0.905001 0.0155893
676.034 0.875 0.0156372
676.362 0.899943 0.0161396
676.689 0.868116 0.0150494
677.017 0.870107 0.0139517
677.344 0.872037 0.0133661
677.672 0.88592 0.013496
677.999 0.902398 0.0140343
678.327 0.891197 0.0137235
678.654 0.877025 0.0128962
678.981 0.883093 0.0125793
679.308 0.872188 0.0124348
679.636 0.89649 0.0130734
679.963 0.896941 0.0137191
680.29 0.887829 0.0140586
680.617 0.885275 0.0137897
680.944 0.886053 0.0135278
681.271 0.902726 0.0137135
681.597 0.880537 0.0143327
681.924 0.885004 0.0153598
682.251 0.872562 0.0156513
682.578 0.868957 0.0149226
682.904 0.881217 0.014076
683.231 0.882318 0.0134429
683.557 0.875112 0.0130213
683.884 0.878762 0.0127582
684.21 0.860906 0.0122327
684.536 0.864993 0.0118379
684.863 0.886071 0.0118358
685.189 0.885815 0.0118702
685.515 0.890683 0.012423
685.841 0.87597 0.0128271
686.167 0.874044 0.0130062
686.493 0.876932 0.0127309
686.819 0.887575 0.0128774
687.145 0.892639 0.0133621
687.471 0.891288 0.0143003
687.797 0.898338 0.015084
688.123 0.865267 0.0146715
688.448 0.880891 0.0145745
688.774 0.893442 0.0141025
689.1 0.893745 0.0142524
689.425 0.892018 0.0147443
689.751 0.88218 0.0149618
690.076 0.864215 0.0142997
690.402 0.876358 0.0134076
690.727 0.885112 0.0129955
691.052 0.898341 0.0132405
691.377 0.88782 0.0136461
691.703 0.88554 0.0139066
692.028 0.887016 0.0141402
692.353 0.888341 0.013744
692.678 0.876216 0.0136423
693.003 0.877844 0.0138516
693.328 0.907801 0.015277
693.652 0.900807 0.016138
693.977 0.871095 0.0157251
694.302 0.864174 0.0148957
694.627 0.878385 0.0144675
694.951 0.885105 0.0149821
695.276 0.911051 0.0164084
695.6 0.885638 0.0169393
695.925 0.867397 0.0152514
696.249 0.869734 0.0133682
696.574 0.879027 0.0123888
696.898 0.898007 0.0128008
697.222 0.893664 0.0134755
697.546 0.875705 0.0139293
697.871 0.89161 0.0145035
698.195 0.886299 0.0146237
698.519 0.872447 0.0147886
698.843 0.891366 0.0153013
699.167 0.881519 0.0157883
699.491 0.884466 0.0163757
699.814 0.887136 0.0167964
700.138 0.863376 0.0165302
700.462 0.872122 0.0167603
700.786 0.866317 0.0167289
701.109 0.883758 0.0165205
701.433 0.864238 0.015656
701.756 0.882392 0.015317
702.08 0.872315 0.0151321
702.403 0.877264 0.0153089
702.726 0.862056 0.0157966
703.05 0.871914 0.016421
703.373 0.882275 0.0168495
703.696 0.880435 0.0168077
704.019 0.901317 0.0175295
704.342 0.877097 0.0178248
704.665 0.873189 0.0184459
704.988 0.879909 0.018732
705.311 0.854755 0.0176138
705.634 0.853061 0.0160753
705.957 0.867784 0.0144944
706.28 0.861712 0.0133139
706.602 0.88543 0.0130678
706.925 0.881246 0.013159
707.247 0.880026 0.0136472
707.57 0.882074 0.0143104
707.892 0.882163 0.0146613
708.215 0.880768 0.0153166
708.537 0.884233 0.0159766
708.859 0.902286 0.0164522
709.182 0.891247 0.0162613
709.504 0.867646 0.0154653
709.826 0.869239 0.01516
710.148 0.880385 0.0153634
710.47 0.887255 0.0158121
710.792 0.88301 0.0162542
711.114 0.866677 0.0165884
711.436 0.884535 0.0173411
711.758 0.866683 0.0169516
712.079 0.856146 0.0166371
712.401 0.870616 0.0162359
712.723 0.850576 0.0152596
713.044 0.875374 0.0147473
713.366 0.856214 0.0141959
713.687 0.871452 0.0142714
714.009 0.876852 0.0148158
714.33 0.877568 0.0150826
714.652 0.885484 0.0156051
714.973 0.904439 0.0162777
715.294 0.866369 0.0166548
715.615 0.887791 0.0178937
715.936 0.872917 0.0182054
716.257 0.885155 0.0186503
716.578 0.885125 0.0187631
716.899 0.888597 0.0185458
717.22 0.865272 0.017076
717.541 0.879079 0.0167566
717.862 0.863357 0.0162251
718.182 0.874998 0.0165862
718.503 0.840226 0.0158227
718.824 0.884448 0.0164452
719.144 0.907531 0.0168568
719.465 0.875318 0.0170097
719.785 0.870329 0.0168254
720.105 0.839088 0.0160571
720.426 0.847597 0.0159943
720.746 0.887203 0.0165976
721.066 0.856001 0.016379
721.386 0.869303 0.0166993
721.706 0.885779 0.0173142
722.026 0.851228 0.0171741
722.346 0.867746 0.0176569
722.666 0.868083 0.017528
722.986 0.873607 0.0172146
723.306 0.874262 0.0172795
723.626 0.882592 0.017686
723.946 0.860365 0.0174848
724.265 0.859078 0.0167517
724.585 0.864751 0.0159448
724.904 0.860565 0.0154565
725.224 0.873944 0.0157135
725.543 0.869282 0.0156491
725.863 0.876638 0.0157369
726.182 0.863866 0.0160154
726.501 0.882102 0.0168311
726.82 0.865547 0.0168111
727.14 0.853555 0.0160831
727.459 0.881402 0.0159813
727.778 0.865915 0.0155927
728.097 0.884624 0.0159765
728.416 0.855164 0.0155056
728.734 0.866563 0.0152406
729.053 0.865241 0.0149836
729.372 0.874836 0.0150563
729.691 0.852848 0.0145676
730.009 0.851357 0.0137649
730.328 0.854358 0.0133547
730.647 0.893586 0.0136043
730.965 0.852362 0.0136103
731.283 0.876631 0.0143478
731.602 0.883991 0.014782
731.92 0.871663 0.0145669
732.238 0.873885 0.0141979
732.557 0.868158 0.0137884
732.875 0.862662 0.0136871
733.193 0.859749 0.0129308
733.511 0.878469 0.0125724
733.829 0.859319 0.012545
734.147 0.89094 0.0135666
734.465 0.884035 0.0143095
734.782 0.851017 0.0140322
735.1 0.872623 0.0140283
735.418 0.881549 0.0139582
735.735 0.854241 0.0136507
736.053 0.872678 0.0138811
736.371 0.87503 0.0138503
736.688 0.881457 0.0142953
737.005 0.892069 0.0152412
737.323 0.873843 0.0158343
737.64 0.893088 0.0162357
737.957 0.871144 0.0155007
738.274 0.853954 0.0139787
738.592 0.870842 0.0134925
738.909 0.878016 0.0137082
739.226 0.891327 0.0149698
739.543 0.87179 0.0159824
739.86 0.870611 0.0167381
740.176 0.872833 0.0174615
740.493 0.885233 0.0183849
740.81 0.883003 0.0186371
741.127 0.848316 0.0178543
741.443 0.848508 0.0172912
741.76 0.870503 0.0166852
742.076 0.85202 0.0164175
742.393 0.870496 0.0171754
742.709 0.865433 0.0181347
743.025 0.884497 0.0190831
743.342 0.871264 0.0187348
743.658 0.865047 0.0183833
743.974 0.875167 0.0181112
744.29 0.870114 0.0177254
744.606 0.880365 0.0181671
744.922 0.861754 0.0181305
745.238 0.886601 0.0184112
745.554 0.856424 0.0183969
745.87 0.874709 0.0187633
746.186 0.869124 0.0182543
746.501 0.881481 0.0177189
746.817 0.870241 0.0174656
747.132 0.894368 0.0187638
747.448 0.878227 0.0195724
747.763 0.875705 0.0196523
748.079 0.843161 0.018607
748.394 0.875112 0.0176124
748.71 0.85947 0.0162951
749.025 0.848657 0.015081
749.34 0.857392 0.0148343
749.655 0.86756 0.0150176
749.97 0.879203 0.0157179
750.285 0.860998 0.0157758
750.6 0.877758 0.0157612
750.915 0.853974 0.0149649
751.23 0.867064 0.0152186
751.545 0.87057 0.015696
751.859 0.88094 0.0165635
752.174 0.875313 0.017115
752.489 0.852793 0.016025
752.803 0.857878 0.015182
753.118 0.870221 0.0149672
753.432 0.868803 0.0152723
753.747 0.858493 0.0158605
754.061 0.875925 0.0157241
754.375 0.850683 0.0148155
754.689 0.846142 0.0143472
755.004 0.869965 0.014294
755.318 0.867653 0.0140956
755.632 0.861152 0.0134751
755.946 0.870568 0.0131954
756.26 0.856679 0.012639
756.573 0.861384 0.0119585
756.887 0.859463 0.0115933
757.201 0.8596 0.011629
757.515 0.878846 0.0127141
757.828 0.891991 0.0138166
758.142 0.851765 0.0136643
758.455 0.842207 0.0127631
758.769 0.849405 0.0121041
759.082 0.863974 0.0119815
759.396 0.869075 0.0117434
759.709 0.860943 0.0115802
760.022 0.851998 0.0114565
760.335 0.87243 0.0121081
760.648 0.868251 0.0128528
760.962 0.875985 0.0138918
761.275 0.859372 0.0146014
761.587 0.88092 0.0151414
761.9 0.887331 0.0153048
762.213 0.841716 0.0144548
762.526 0.867997 0.0141408
762.839 0.876715 0.0141488
763.151 0.858342 0.0136531
763.464 0.851767 0.0129072
763.776 0.841478 0.0119963
764.089 0.851974 0.0115626
764.401 0.849668 0.0118565
764.714 0.863178 0.0125676
765.026 0.856242 0.013334
765.338 0.859331 0.0141914
765.65 0.888415 0.0156184
765.962 0.863155 0.016215
766.275 0.877021 0.0170357
766.587 0.846612 0.0169594
766.898 0.837586 0.0164154
767.21 0.8492 0.0158244
767.522 0.840294 0.0145018
767.834 0.857342 0.0139331
768.146 0.868081 0.0140603
768.457 0.857449 0.0145151
768.769 0.847475 0.0152255
769.08 0.863052 0.0157526
769.392 0.848423 0.0151504
769.703 0.848082 0.0143565
770.015 0.844492 0.013741
770.326 0.861977 0.013782
770.637 0.878243 0.0143408
770.948 0.889751 0.0154194
771.26 0.876307 0.0163749
771.571 0.877263 0.0166654
771.882 0.894504 0.0168023
772.193 0.85936 0.016083
772.504 0.848305 0.0162171
772.814 0.876287 0.0171394
773.125 0.870604 0.0173442
773.436 0.860336 0.0176358
773.747 0.85492 0.0181681
774.057 0.886071 0.0189997
774.368 0.851753 0.0186957
774.678 0.88062 0.0194679
774.989 0.855576 0.019733
775.299 0.8584 0.0203037
775.609 0.826938 0.0199396
775.919 0.881716 0.0203661
776.23 0.848255 0.0197433
776.54 0.895414 0.0206031
776.85 0.861096 0.0200331
777.16 0.842632 0.0196898
777.47 0.875393 0.0191864
777.78 0.85803 0.0178993
778.089 0.839998 0.0167289
778.399 0.878995 0.0170669
778.709 0.85933 0.017218
779.019 0.869683 0.0183131
779.328 0.843307 0.0191932
779.638 0.855795 0.0194188
779.947 0.863923 0.018284
780.257 0.838923 0.0162333
780.566 0.868378 0.0157395
780.875 0.848497 0.0156029
781.185 0.856997 0.0164797
781.494 0.871602 0.0172492
781.803 0.84012 0.0170442
782.112 0.850397 0.0176111
782.421 0.857498 0.0175593
782.73 0.858853 0.017216
783.039 0.88363 0.0174948
783.348 0.856468 0.018077
783.656 0.900653 0.0201559
783.965 0.84046 0.0197444
784.274 0.86637 0.0196167
784.582 0.858754 0.0188975
784.891 0.834446 0.0182768
785.199 0.832858 0.0183796
785.508 0.888737 0.0197333
785.816 0.875956 0.0199305
786.124 0.890459 0.0200736
786.432 0.839822 0.0182829
786.741 0.846625 0.0176784
787.049 0.871278 0.0177167
787.357 0.84559 0.0174147
787.665 0.818382 0.0170496
787.973 0.871125 0.0177623
788.281 0.898485 0.0186114
788.588 0.856266 0.0189064
788.896 0.879666 0.0203217
789.204 0.835003 0.020421
789.511 0.864819 0.0211431
789.819 0.86535 0.0212485
790.126 0.844901 0.0211565
790.434 0.853569 0.0214224
790.741 0.873809 0.0218497
791.049 0.835061 0.0210844
791.356 0.876163 0.0221737
791.663 0.89181 0.0235111
791.97 0.877865 0.0228563
792.277 0.900191 0.0239001
792.584 0.872153 0.0218695
792.891 0.786046 0.0182486
793.198 0.838805 0.0173484
793.505 0.869808 0.017197
793.812 0.848405 0.0171732
794.119 0.858319 0.0177857
794.425 0.834783 0.0178726
794.732 0.839206 0.0187028
795.038 0.878794 0.0212037
795.345 0.860325 0.0225672
795.651 0.854594 0.0237452
795.958 0.85434 0.0240476
796.264 0.833666 0.0228638
796.57 0.832559 0.0215665
796.876 0.836613 0.0210637
797.183 0.859922 0.0218725
797.489 0.862135 0.0227554
797.795 0.818886 0.022383
798.101 0.876098 0.0234229
798.406 0.839226 0.0227117
798.712 0.840404 0.0230001
799.018 0.898712 0.0246269
799.324 0.865801 0.0243702
799.629 0.849743 0.0243781
799.935 0.861481 0.0245901
800.24 0.845041 0.0245284
800.546 0.849574 0.0243845
800.851 0.848161 0.0254075
801.157 0.835015 0.0255549
801.462 0.845999 0.0261122
801.767 0.84564 0.026393
802.072 0.824322 0.0250826
802.377 0.851094 0.0246285
802.682 0.839695 0.0238539
802.987 0.80335 0.0234406
803.292 0.859381 0.0256146
803.597 0.839363 0.0257287
803.902 0.918286 0.0270084
804.207 0.828076 0.0249192
804.511 0.792876 0.023964
804.816 0.854658 0.0241264
805.12 0.849034 0.022353
805.425 0.829701 0.0207432
805.729 0.847207 0.0208346
806.034 0.857059 0.0216014
806.338 0.842405 0.0222259
806.642 0.871593 0.0235442
806.946 0.794122 0.0224175
807.251 0.838833 0.0230492
807.555 0.827329 0.0228057
807.859 0.86112 0.0230827
808.162 0.848167 0.0230152
808.466 0.859744 0.0240769
808.77 0.821357 0.0240526
809.074 0.846492 0.0249882
809.378 0.860201 0.0257163
809.681 0.892584 0.0266978
809.985 0.8402 0.0257611
810.288 0.835556 0.0253191
810.592 0.885159 0.0269478
810.895 0.858343 0.0266873
811.198 0.83503 0.0268079
811.502 0.864797 0.0290593
811.805 0.778731 0.0271266
812.108 0.915711 0.0301154
812.411 0.857205 0.0277301
812.714 0.806997 0.0243782
813.017 0.840274 0.023542
813.32 0.851404 0.0236464
813.623 0.826719 0.0235601
813.926 0.862784 0.0263561
814.228 0.844917 0.027149
814.531 0.8524 0.0280761
814.833 0.841057 0.0281898
815.136 0.789551 0.0273724
815.438 0.818337 0.028477
815.741 0.890258 0.029332
816.043 0.917907 0.0293495
816.345 0.872874 0.027547
816.648 0.822325 0.0269457
816.95 0.826923 0.0273967
817.252 0.855974 0.0285364
817.554 0.868368 0.0288145
817.856 0.871073 0.029506
818.158 0.922163 0.031136
818.46 0.877311 0.0310759
818.761 0.85867 0.0301604
819.063 0.880768 0.0305038
819.365 0.870339 0.0299206
819.666 0.846931 0.0278194
819.968 0.912771 0.0279419
820.269 0.869929 0.0261588
820.571 0.860752 0.026733
820.872 0.884455 0.0280466
821.173 0.840361 0.0284935
821.475 0.878797 0.0297389
821.776 0.812579 0.0288754
822.077 0.836144 0.029441
822.378 0.829672 0.0288025
822.679 0.855466 0.0300269
822.98 0.889887 0.0311591
823.281 0.865494 0.0313197
823.581 0.859773 0.0310094
823.882 0.880906 0.0320317
824.183 0.840468 0.030493
824.483 0.834689 0.0297674
824.784 0.777699 0.0271184
825.084 0.887174 0.0292663
825.385 0.806147 0.0274584
825.685 0.871392 0.029613
825.985 0.855286 0.0301677
826.286 0.880956 0.030469
826.586 0.826295 0.0285016
826.886 0.839863 0.0285789
827.186 0.804091 0.027597
827.486 0.903532 0.0303899
827.786 0.849787 0.030515
828.086 0.872413 0.0312932
828.386 0.858592 0.0299702
828.685 0.818466 0.029252
828.985 0.907836 0.0318651
829.285 0.838835 0.0307325
829.584 0.830306 0.0307129
829.884 0.815425 0.031389
830.183 0.797448 0.031266
830.482 0.882333 0.0341659
830.782 0.868273 0.034207
831.081 0.89147 0.0366686
831.38 0.878689 0.0356344
831.679 0.82735 0.0321873
831.978 0.825248 0.0321332
832.277 0.807495 0.0311886
832.576 0.821663 0.031803
832.875 0.892516 0.0334039
833.174 0.849187 0.0318708
833.472 0.903501 0.0340317
833.771 0.870432 0.0326681
834.07 0.832792 0.0312806
834.368 0.821722 0.0312537
834.667 0.828523 0.0320278
834.965 0.846205 0.0330058
835.263 0.881539 0.0339627
835.562 0.844825 0.0329377
835.86 0.775469 0.0316107
836.158 0.826773 0.0336387
836.456 0.923218 0.0372842
836.754 0.803715 0.0329019
837.052 0.81266 0.0339856
837.35 0.756319 0.0322924
837.648 0.87911 0.0364763
837.946 0.810733 0.0338214
838.243 0.850227 0.0355566
838.541 0.807962 0.0344441
838.839 0.793844 0.0327632
839.136 0.879648 0.0351691
839.434 0.836793 0.0342396
839.731 0.814498 0.0327425
840.028 0.913342 0.036988
840.326 0.835934 0.0339005
840.623 0.864219 0.0353953
840.92 0.854376 0.0353983
841.217 0.896321 0.0378043
841.514 0.83981 0.0356188
841.811 0.852225 0.0352922
842.108 0.822087 0.0348495
842.405 0.847875 0.035761
842.701 0.755181 0.0326689
842.998 0.830737 0.035562
843.295 0.817782 0.0346845
843.591 0.908329 0.0373982
843.888 0.884826 0.0368396
844.184 0.870406 0.037049
844.481 0.775814 0.0341087
844.777 0.849615 0.0373127
845.073 0.826749 0.0362491
845.369 0.876731 0.0364669
845.665 0.864016 0.0371411
845.962 0.904276 0.037705
846.258 0.856026 0.03737
846.553 0.895155 0.0388687
846.849 0.755466 0.0345264
847.145 0.856159 0.0361467
847.441 0.881024 0.0371965
847.737 0.851042 0.0376229
848.032 0.829755 0.0356312
848.328 0.831579 0.0357095
848.623 0.991062 0.0427146
848.919 0.848076 0.0374089
849.214 0.873212 0.0372451
849.509 0.878475 0.0382467
849.805 0.847445 0.0366602
850.1 0.894482 0.0383506
850.395 0.931538 0.0401704
850.69 0.864922 0.0384935
850.985 0.726893 0.0336013
851.28 0.832335 0.0366742
851.575 0.809913 0.0355109
851.869 0.828309 0.0360626
852.164 0.825293 0.0354582
852.459 0.843882 0.0344158
852.753 0.823751 0.0332672
853.048 0.844734 0.0329627
853.342 0.804263 0.0309206
853.637 0.859208 0.0326528
853.931 0.860064 0.0326586
854.225 0.82365 0.0322373
854.52 0.827921 0.0323904
854.814 0.844018 0.0335778
855.108 0.894772 0.0361186
855.402 0.872446 0.034818
855.696 0.898273 0.0361268
855.99 0.873682 0.0353982
856.283 0.826271 0.0342674
856.577 0.839654 0.0343567
856.871 0.902144 0.0353096
857.164 0.831315 0.0348521
857.458 0.846919 0.0360492
857.751 0.811049 0.0343816
858.045 0.877086 0.037507
858.338 0.839985 0.0351631
858.632 0.913875 0.0383325
858.925 0.857592 0.0370206
859.218 0.862184 0.0372978
859.511 0.924403 0.0382439
859.804 0.872599 0.0380728
860.097 0.856843 0.0364344
860.39 0.871955 0.0378008
860.683 0.844943 0.0367276
860.976 0.845328 0.0378778
861.268 0.837528 0.0373164
861.561 0.810522 0.0366538
861.854 0.869901 0.0381202
862.146 0.849646 0.0380931
862.439 0.843423 0.0371016
862.731 0.770239 0.0356481
863.023 0.809903 0.035725
863.316 0.832904 0.036821
863.608 0.720067 0.0324691
863.9 0.946521 0.0407518
864.192 0.902625 0.0383416
864.484 0.90106 0.0390626
864.776 0.822794 0.0358998
865.068 0.830714 0.0377426
865.36 0.870857 0.0381
865.651 0.877645 0.0383138
865.943 0.900866 0.0397595
866.235 0.89047 0.0387899
866.526 0.932206 0.0404989
866.818 0.8843 0.0391149
867.109 0.938371 0.0405936
867.4 0.859911 0.0376005
867.692 0.87121 0.0380329
867.983 0.849883 0.0374474
868.274 0.787153 0.0357005
868.565 0.822874 0.0369136
868.856 0.855159 0.0383183
869.147 0.86629 0.0380865
869.438 0.964129 0.0422494
869.729 0.943801 0.0416313
870.02 0.896597 0.0401067
870.31 0.875399 0.0395416
870.601 0.823943 0.0369615
870.892 0.908347 0.0397615
871.182 0.862681 0.0392871
871.473 0.807414 0.0368571
871.763 0.916331 0.0402426
872.053 0.879361 0.0389182
872.343 0.868083 0.0381237
872.634 0.926467 0.0411633
872.924 0.931437 0.0423682
873.214 0.882028 0.0393656
873.504 0.924958 0.0407107
873.794 0.806145 0.0374927
874.084 0.831039 0.0376909
874.373 0.889034 0.0402744
874.663 0.833634 0.0376118
874.953 0.886322 0.0404591
875.242 0.983983 0.042013
875.532 0.772898 0.0361468
875.821 0.928021 0.0410947
876.111 0.824208 0.0376014
876.4 0.83594 0.0371203
876.689 0.827331 0.0370502
876.978 0.894009 0.0394568
877.268 0.773085 0.0366128
877.557 0.880493 0.0390333
877.846 0.898537 0.0396567
878.134 0.953941 0.041917
878.423 0.954116 0.0419247
878.712 0.954292 0.0419324
