178.41	33.42
178.791	33.42
179.172	33.42
179.553	-71.75
179.934	-51.16
180.316	-59.16
180.697	-63.17
181.078	-40.29
181.459	-77.47
181.84	-64.88
182.221	3.14
182.602	-12.86
182.983	3.14
183.364	14.57
183.744	51.12
184.125	57.97
184.506	100.78
184.887	109.33
185.268	126.45
185.648	154.96
186.029	161.8
186.41	190.3
186.791	209.67
187.171	255.8
187.552	387.18
187.932	383.77
188.313	433.2
188.694	429.79
189.074	450.23
189.455	486.56
189.835	526.83
190.216	499.04
190.596	554.05
190.977	615.82
191.357	595.42
191.737	615.25
192.118	622.05
192.498	646.96
192.878	644.13
193.258	677.53
193.639	632.24
194.019	697.33
194.399	701.29
194.779	684.32
195.159	703.56
195.54	723.35
195.92	732.97
196.3	744.28
196.68	795.14
197.06	776.5
197.44	764.06
197.82	781.58
198.2	786.67
198.58	783.84
198.959	782.15
199.339	822.82
199.719	815.48
200.099	870.81
200.479	843.15
200.858	829.6
201.238	825.08
201.618	836.94
201.998	858.4
202.377	874.2
202.757	879.84
203.136	883.23
203.516	902.98
203.896	952.61
204.275	956.55
204.655	961.06
205.034	969.52
205.414	994.31
205.793	1017.97
206.172	1025.3
206.552	1017.41
206.931	1066.4
207.31	1041.63
207.69	1048.95
208.069	1078.22
208.448	1085.53
208.827	1095.1
209.207	1139.53
209.586	1193.5
209.965	1173.27
210.344	1209.23
210.723	1244.05
211.102	1281.66
211.481	1296.25
211.86	1271
212.239	1369.72
212.618	1368.04
212.997	1379.81
213.376	1410.63
213.755	1433.59
214.134	1429.11
214.513	1522.03
214.891	1498.53
215.27	1537.13
215.649	1620.42
216.028	1660.07
216.406	1633.82
216.785	1744.89
217.164	1733.73
217.542	1819.03
217.921	1838.52
218.3	1922.59
218.678	1947.62
219.057	2014.33
219.435	2077.1
219.814	2171.44
220.192	2211.91
220.57	2298.88
220.949	2340.39
221.327	2473.07
221.705	2578.51
222.084	2586.23
222.462	2709.13
222.84	2812.04
223.218	2889.55
223.597	3028.44
223.975	3117.79
224.353	3268.31
224.731	3353.57
225.109	3533.63
225.487	3625.69
225.865	3781.25
226.243	3922.41
226.621	4143.99
226.999	4249.97
227.377	4469.62
227.755	4582.73
228.133	4792.95
228.511	4882.58
228.889	5130.08
229.266	5271.73
229.644	5576.21
230.022	5701.77
230.4	5904.11
230.777	6137.78
231.155	6357.69
231.533	6489.09
231.91	6781.86
232.288	7030.79
232.665	7239.35
233.043	7510.7
233.42	7712.6
233.798	7914.65
234.175	8235.71
234.553	8358.09
234.93	8658.29
235.307	8914.43
235.685	9174.66
236.062	9340.83
236.439	9542.72
236.816	9893.37
237.194	10122.54
237.571	10249.24
237.948	10545.12
238.325	10788.51
238.702	10865.82
239.079	11229.49
239.456	11473.83
239.833	11674.3
240.21	12001.32
240.587	12163.84
240.964	12453.69
241.341	12721.96
241.718	13048.11
242.095	13184.64
242.472	13301.52
242.849	13530.58
243.225	13800.92
243.602	13992.96
243.979	14041.44
244.356	14442.43
244.732	14756.07
245.109	14877.13
245.486	15081.76
245.862	15336.96
246.239	15558.65
246.615	15769.24
246.992	15967.78
247.368	15998.54
247.745	16420.97
248.121	16544.83
248.497	16854.27
248.874	17058.11
249.25	17194.11
249.626	17369.11
250.003	17587.01
250.379	17843.32
250.755	17957.85
251.131	18274.62
251.507	18352.55
251.884	18595.63
252.26	18776.02
252.636	19001.19
253.012	19048.97
253.388	19400.56
253.764	19439.95
254.14	19516.74
254.516	19655.03
254.892	19663.4
255.268	20120.43
255.643	20061.41
256.019	20297.47
256.395	20298.45
256.771	20457.26
257.147	20598.84
257.522	20771.37
257.898	21011.67
258.274	20946.32
258.649	21128.12
259.025	21362.94
259.4	21262.24
259.776	21496.55
260.151	21624.74
260.527	21593.31
260.902	21721.49
261.278	21730.33
261.653	21848.19
262.028	21792.7
262.404	21979.79
262.779	21900.73
263.154	22250.82
263.53	22322.98
263.905	22233.14
264.28	22310.22
264.655	22311.69
265.03	22188.46
265.405	22395.64
265.781	22493.33
266.156	22543.41
266.531	22560.59
266.906	22499.22
267.281	22812.89
267.655	22444.73
268.03	22494.32
268.405	22473.21
268.78	22567.95
269.155	22651.4
269.53	22632.25
269.904	22583.17
270.279	22690.18
270.654	22785.89
271.029	22430.99
271.403	22709.81
271.778	22658.76
272.152	22737.3
272.527	22577.28
272.901	22896.33
273.276	22981.74
273.65	22878.17
274.025	22744.66
274.399	22643.05
274.774	22865.41
275.148	22864.43
275.522	22971.92
275.897	22816.33
276.271	22747.61
276.645	22985.17
277.019	23021.98
277.393	23142.23
277.768	23120.64
278.142	22836.45
278.516	22901.24
278.89	22905.17
279.264	22944.93
279.638	23140.27
280.012	23021.98
280.386	22846.76
280.76	22861.48
281.133	23057.81
281.507	23031.31
281.881	23171.19
282.255	23038.67
282.629	22831.05
283.002	22762.33
283.376	22875.23
283.75	22721.1
284.123	22854.61
284.497	22760.37
284.87	22828.6
285.244	22876.7
285.618	22798.66
285.991	22674.96
286.364	22685.76
286.738	22704.9
287.111	22835.47
287.485	22537.02
287.858	22667.6
288.231	22423.62
288.605	22478.61
288.978	22615.07
289.351	22221.85
289.724	22248.85
290.097	22305.31
290.47	22335.75
290.843	22177.17
291.217	22064.74
291.59	21876.18
291.963	21986.66
292.336	21785.33
292.708	21785.33
293.081	21607.06
293.454	21814.31
293.827	21544.69
294.2	21329.05
294.573	21543.21
294.945	21136.47
295.318	21237.68
295.691	21179.7
296.064	21105.52
296.436	21046.06
296.809	21030.34
297.181	20824.93
297.554	20795.45
297.926	20790.04
298.299	20735.49
298.671	20997.42
299.044	20714.35
299.416	20676.02
299.788	20746.79
300.161	20597.37
300.533	20730.57
300.905	20846.56
301.278	20665.69
301.65	20817.07
302.022	20477.42
302.394	20488.24
302.766	20630.79
303.138	20542.8
303.51	20626.86
303.882	20593.44
304.254	20576.23
304.626	20630.79
304.998	20734.01
305.37	20529.04
305.742	20479.39
306.114	20496.59
306.485	20637.68
306.857	20646.03
307.229	20519.7
307.601	20448.41
307.972	20367.29
308.344	20391.87
308.716	20332.38
309.087	20364.83
309.459	20515.27
309.83	20371.22
310.202	20334.35
310.573	20387.45
310.945	20287.14
311.316	20163.22
311.687	20434.16
312.059	20156.83
312.43	20222.73
312.801	20313.2
313.172	20057.48
313.544	20142.07
313.915	20175.52
314.286	20216.33
314.657	20182.89
315.028	20078.63
315.399	19921.22
315.77	20094.37
316.141	19920.24
316.512	20033.87
316.883	19876.45
317.254	19958.61
317.625	19780.51
317.996	19812.99
318.366	19802.65
318.737	19844.97
319.108	19782.48
319.478	19634.37
319.849	19836.6
320.22	19609.27
320.59	19542.33
320.961	19511.32
321.331	19572.35
321.702	19384.32
322.072	19289.79
322.443	19284.37
322.813	19472.44
323.184	19250.89
323.554	19126.3
323.924	19043.55
324.295	18929.26
324.665	18983.95
325.035	18783.91
325.405	18715.41
325.775	18710.97
326.145	18700.13
326.515	18636.05
326.886	18421.1
327.256	18235.16
327.626	17883.8
327.995	17704.57
328.365	17467.95
328.735	17302.38
329.105	17067.01
329.475	17480.3
329.845	17574.17
330.215	18096.03
330.584	18468.43
330.954	18962.27
331.324	19280.43
331.693	19422.22
332.063	19542.33
332.432	19540.36
332.802	19399.58
333.171	19068.67
333.541	18576.41
333.91	18464.98
334.28	18312.11
334.649	18063.95
335.018	17993.38
335.388	17819.13
335.757	18050.14
336.126	17691.23
336.495	17803.82
336.865	17690.74
337.234	17476.84
337.603	17579.11
337.972	17530.2
338.341	17567.25
338.71	17441.26
339.079	17439.29
339.448	17501.05
339.817	17519.33
340.186	17437.31
340.554	17267.28
340.923	17342.42
341.292	17270.25
341.661	17323.14
342.029	17410.13
342.398	17228.23
342.767	17109.55
343.135	17082.35
343.504	17023.48
343.872	17126.86
344.241	17094.22
344.609	16942.35
344.978	17000.23
345.346	17050.69
345.715	16831.5
346.083	16967.09
346.451	16888.91
346.82	16659.23
347.188	16699.33
347.556	16795.37
347.924	16744.88
348.292	16667.64
348.66	16678.04
349.028	16612.18
349.396	16456.65
349.764	16500.74
350.132	16457.14
350.5	16426.42
350.868	16376.37
351.236	16226.19
351.604	16313.93
351.972	16392.73
352.34	16172.14
352.707	16043.19
353.075	16104.69
353.443	15991.59
353.81	15995.56
354.178	16014.91
354.545	15932.55
354.913	15951.9
355.28	15922.62
355.648	15878.95
356.015	15878.95
356.383	15910.21
356.75	15756.83
357.117	15787.11
357.485	15680.85
357.852	15528.83
358.219	15700.22
358.586	15572.06
358.954	15584.98
359.321	15482.12
359.688	15488.58
360.055	15432.91
360.422	15505.48
360.789	15354.86
361.156	15384.2
361.523	15347.9
361.89	15203.67
362.256	15401.1
362.623	15233.02
362.99	15195.71
363.357	14898.05
363.724	15146.95
364.09	14965.28
364.457	15011.08
364.823	15116.1
365.19	15112.62
365.557	15060.36
365.923	15046.92
366.29	14946.35
366.656	14929.42
367.022	15100.67
367.389	15049.91
367.755	14909
368.121	14843.26
368.488	14784.97
368.854	14789.95
369.22	14591.07
369.586	14566.64
369.952	14458.4
370.318	14325.65
370.684	14346.11
371.051	14238.78
371.416	14160.36
371.782	14106.41
372.148	13982.46
372.514	14065.43
372.88	14024.95
373.246	13916.96
373.612	13972.46
373.977	14009.45
374.343	14072.93
374.709	14180.34
375.074	14162.86
375.44	13975.96
375.806	13872.45
376.171	13997.46
376.537	13973.96
376.902	13948.46
377.268	13976.96
377.633	13987.96
377.998	14053.44
378.364	14272.73
378.729	14286.71
379.094	14290.7
379.459	14028.45
379.825	13823.93
380.19	13854.44
380.555	13608.71
380.92	13391.77
381.285	13440.89
381.65	13517.55
382.015	13497.01
382.38	13472.46
382.745	13184.64
383.11	13158.04
383.474	13213.74
383.839	13143.49
384.204	13243.34
384.569	13007.93
384.933	13081.24
385.298	13010.44
385.663	13024
386.027	13049.11
386.392	12947.66
386.756	13070.2
387.121	13190.16
387.485	13248.35
387.849	13443.39
388.214	13338.63
388.578	13308.54
388.942	12963.23
389.307	12880.33
389.671	12813.98
390.035	12803.93
390.399	12885.86
390.763	12938.61
391.127	13068.19
391.492	13311.05
391.856	13561.63
392.219	13928.96
392.583	14040.94
392.947	13811.92
393.311	13264.91
393.675	13080.24
394.039	12863.24
394.403	12823.53
394.766	12803.93
395.13	12668.64
395.494	12593.16
395.857	12717.43
396.221	12748.62
396.584	12923.54
396.948	13157.04
397.311	13479.97
397.675	13824.43
398.038	13856.45
398.401	13621.23
398.765	13284.97
399.128	13016.97
399.491	12700.83
399.854	12540.3
400.218	12403.32
400.581	12347.89
400.944	12276.31
401.307	12051.3
401.67	12013.94
402.033	11890.7
402.396	11944.76
402.759	11816.91
403.122	11937.68
403.485	11925.05
403.847	11984.66
404.21	12191.08
404.573	12366.53
404.936	12383.67
405.298	12249.58
405.661	12093.2
406.023	11717.8
406.386	11593.33
406.749	11334.47
407.111	11308.1
407.473	11463.7
407.836	11582.19
408.198	11808.82
408.561	11825.5
408.923	11774.44
409.285	11754.22
409.647	11645.96
410.009	11435.33
410.372	11302.02
410.734	11296.44
411.096	11279.7
411.458	11162
411.82	11250.79
412.182	11411
412.544	11460.15
412.906	11568.53
413.267	11529.54
413.629	11459.64
413.991	11318.24
414.353	11220.86
414.714	10979.69
415.076	10845.99
415.438	10884.13
415.799	10973.08
416.161	10858.19
416.522	10840.9
416.884	10659.22
417.245	10718.28
417.607	10535.43
417.968	10517.59
418.329	10632.23
418.691	10678.57
419.052	10766.63
419.413	10820.05
419.774	10824.12
420.135	11201.58
420.497	11515.36
420.858	11901.31
421.219	12075.53
421.58	12023.54
421.941	11725.9
422.302	11281.73
422.662	11215.28
423.023	10930.9
423.384	10803.26
423.745	10834.8
424.106	10917.68
424.466	10917.17
424.827	10971.05
425.187	10629.18
425.548	10525.75
425.909	10171.6
426.269	10251.79
426.63	10225.24
426.99	10468.14
427.35	10441.63
427.711	10482.93
428.071	10590.97
428.431	10659.22
428.792	11471.3
429.152	12064.93
429.512	12492.47
429.872	12651.53
430.232	12458.22
430.592	11944.76
430.952	11335.99
431.312	10701.99
431.672	10212.98
432.032	10088.8
432.392	10153.2
432.752	10639.87
433.111	11599.91
433.471	11814.38
433.831	11260.43
434.19	10961.39
434.55	10777.82
434.91	10621.03
435.269	10595.05
435.629	10642.42
435.988	10873.45
436.348	10922.26
436.707	10527.28
437.066	10453.87
437.426	10486.5
437.785	10482.93
438.144	10665.33
438.503	10461.52
438.862	10486.5
439.222	10290.6
439.581	10087.78
439.94	10055.05
440.299	10579.77
440.658	11164.03
441.017	11644.45
441.376	11671.77
441.734	11404.42
442.093	11098.04
442.452	11225.43
442.811	11344.1
443.169	11480.92
443.528	11116.82
443.887	11020.33
444.245	10957.84
444.604	10731.52
444.962	10488.03
445.321	10458.46
445.679	10581.29
446.038	10682.14
446.396	10588.43
446.754	10219.11
447.112	10286.51
447.471	9967.07
447.829	9905.14
448.187	9870.33
448.545	9869.3
448.903	9905.14
449.261	9986
449.619	9779.66
449.977	9764.29
450.335	9510.38
450.693	9402.51
451.051	9359.34
451.409	9314.61
451.766	9363.96
452.124	9130.9
452.482	8901.53
452.839	8754.92
453.197	8569.35
453.555	8642.78
453.912	8566.24
454.27	8607.62
454.627	8807.6
454.984	8951.05
455.342	8891.73
455.699	8684.66
456.056	8673.28
456.414	8790.56
456.771	8953.11
457.128	8997.45
457.485	9218.41
457.842	9189.59
458.199	9266.26
458.556	9283.24
458.913	9292.5
459.27	9486.76
459.627	9380.93
459.984	9218.93
460.341	9277.58
460.697	9195.25
461.054	8986.11
461.411	8583.83
461.767	8219.11
462.124	7984.86
462.481	8172.4
462.837	8342.54
463.194	8766.29
463.55	8768.35
463.907	8978.89
464.263	9326.95
464.619	9519.11
464.976	10036.64
465.332	10246.18
465.688	9991.12
466.044	9412.27
466.4	9022.2
466.756	8651.57
467.112	8563.14
467.468	8611.24
467.824	8468.94
468.18	8358.09
468.536	8309.36
468.892	8101.27
469.248	7882.38
469.604	7790.75
469.959	7760.02
470.315	7696.44
470.671	7763.15
471.026	7736.05
471.382	7996.82
471.737	8093.48
472.093	8346.17
472.448	8434.25
472.804	8863.35
473.159	9029.41
473.514	9114.42
473.87	8932.48
474.225	9405.08
474.58	9777.1
474.935	10162.91
475.29	9964
475.645	9776.07
476	9786.83
476.355	9703.29
476.71	9496
477.065	9653.55
477.42	9988.56
477.775	10225.75
478.13	10177.22
478.485	10384.5
478.839	10277.83
479.194	10718.79
479.549	11162
479.903	11305.57
480.258	11150.83
480.612	11241.16
480.967	11505.23
481.321	11908.38
481.675	11724.88
482.03	11414.05
482.384	11032.52
482.738	11022.87
483.093	11154.39
483.447	11442.42
483.801	11971.02
484.155	12676.69
484.509	13024
484.863	22663.18
485.217	37682.33
485.571	44275.48
485.925	38149.7
486.279	25573
486.632	19040.6
486.986	15599.39
487.34	13537.59
487.694	12255.13
488.047	11560.93
488.401	11543.72
488.754	11443.43
489.108	11300.5
489.461	11022.87
489.815	10743.73
490.168	10874.47
490.522	10994.42
490.875	11030.49
491.228	10953.26
491.581	10885.15
491.935	11023.89
492.288	10762.05
492.641	10931.41
492.994	10941.06
493.347	11073.66
493.7	11266.52
494.053	11207.16
494.406	11144.74
494.759	10668.9
495.111	10644.46
495.464	11245.72
495.817	12225.88
496.169	12259.17
496.522	11766.35
496.875	10759
497.227	10162.91
497.58	10107.2
497.932	10091.36
498.285	10330.92
498.637	10594.03
498.989	11031
499.342	11130.53
499.694	10928.36
500.046	10503.32
500.398	10585.37
500.751	11010.68
501.103	11029.98
501.455	11169.61
501.807	11114.79
502.159	11151.34
502.511	11161.49
502.862	11130.53
503.214	10843.96
503.566	10642.42
503.918	10190.5
504.27	10107.2
504.621	10183.86
504.973	9970.65
505.324	9955.81
505.676	10178.24
506.027	10517.08
506.379	10245.15
506.73	9703.8
507.082	9472.38
507.433	9580.19
507.784	10010.56
508.136	9900.53
508.487	9817.57
508.838	9527.83
509.189	9465.19
509.54	9501.14
509.891	9520.65
510.242	9556.07
510.593	9427.17
510.944	9227.68
511.295	9059.81
511.646	8796.24
511.996	8721.34
512.347	8853.54
512.698	8957.24
513.049	8899.47
513.399	8816.38
513.75	8771.45
514.1	8586.42
514.451	8417.15
514.801	8127.23
515.152	8180.71
515.502	8371.56
515.852	8547.62
516.202	8674.83
516.553	8654.68
516.903	8376.74
517.253	8120.48
517.603	7914.12
517.953	7952.1
518.303	8077.37
518.653	8458.07
519.003	8502.07
519.353	8239.86
519.703	7738.14
520.052	7452.21
520.402	7394.72
520.752	7618.74
521.102	7508.62
521.451	7428.17
521.801	7442.8
522.15	7453.25
522.5	7631.78
522.849	7719.9
523.199	7728.76
523.548	7903.2
523.897	7941.18
524.246	7767.83
524.596	7659.94
524.945	7340.34
525.294	7452.21
525.643	7465.79
525.992	7591.61
526.341	7481.46
526.69	7546.21
527.039	7471.53
527.388	7246.16
527.737	7313.66
528.086	7867.81
528.434	8360.16
528.783	8546.06
529.132	8134.5
529.48	7882.38
529.829	7562.91
530.177	7468.92
530.526	7380.6
530.874	7385.31
531.223	7397.33
531.571	7514.36
531.919	7449.59
532.268	7633.35
532.616	8184.34
532.964	8650.02
533.312	8849.93
533.66	8681.04
534.008	8721.86
534.356	8699.13
534.704	8585.38
535.052	8665.01
535.4	8286.55
535.748	7868.33
536.095	7454.82
536.443	7220.51
536.791	7280.18
537.139	7603.61
537.486	8072.18
537.834	8354.46
538.181	8393.84
538.529	8496.38
538.876	8479.3
539.223	8334.76
539.571	8072.7
539.918	7802.73
540.265	8052.95
540.613	8274.62
540.96	8432.69
541.307	8338.39
541.654	8177.59
542.001	8184.34
542.348	8202.51
542.695	8078.41
543.042	8313.51
543.388	8504.66
543.735	8619
544.082	8619.52
544.429	8693.44
544.775	8474.12
545.122	8194.2
545.469	7657.34
545.815	7399.95
546.162	7621.35
546.508	7723.02
546.854	8218.59
547.201	8866.96
547.547	9381.95
547.893	9294.55
548.24	8817.41
548.586	7974.98
548.932	7346.62
549.278	7164.99
549.624	7220.51
549.97	7297.45
550.316	7109.45
550.662	6839.69
551.008	6919.53
551.353	7738.66
551.699	8566.24
552.045	8785.4
552.391	8274.62
552.736	7903.2
553.082	7769.4
553.427	7810.54
553.773	7454.82
554.118	7034.47
554.464	7174.94
554.809	7544.64
555.154	8300.55
555.5	8401.61
555.845	8148
556.19	7626.57
556.535	7149.27
556.88	7041.81
557.225	7300.59
557.57	7179.13
557.915	6911.66
558.26	6624.52
558.605	6580.8
558.95	6610.83
559.295	7113.11
559.639	7737.09
559.984	8401.61
560.329	8961.36
560.673	8914.43
561.018	8640.72
561.362	8287.06
561.707	7672.46
562.051	7613.52
562.395	7652.64
562.74	8066.98
563.084	8294.84
563.428	8579.69
563.772	8815.86
564.117	8780.75
564.461	9037.66
564.805	8821.02
565.149	8758.54
565.493	8761.12
565.836	8967.55
566.18	9198.86
566.524	9774.54
566.868	11019.32
567.212	11602.95
567.555	11869.98
567.899	12441.6
568.242	13711.34
568.586	15086.24
568.929	17112.02
569.273	19641.75
569.616	21031.82
569.96	21394.38
570.303	22266.53
570.646	23231.55
570.989	24267.54
571.333	25204.4
571.676	24198.83
572.019	21636.53
572.362	20066.33
572.705	22744.17
573.048	26452.22
573.391	28737.55
573.733	30448.22
574.076	30999.53
574.419	31319.59
574.762	28691.35
575.104	25810.58
575.447	23066.65
575.789	24715.59
576.132	28493.26
576.474	30198.24
576.817	32941.72
577.159	38225.47
577.501	42103.23
577.844	39663.44
578.186	32774.09
578.528	26258.29
578.87	25208.33
579.212	25440.48
579.554	28285.37
579.896	28753.28
580.238	29404.27
580.58	36076.84
580.922	44807.96
581.264	50924.62
581.606	47982.07
581.947	41196.95
582.289	34600.39
582.631	27370.05
582.972	22623.91
583.314	21145.8
583.655	21638.98
583.997	24451.57
584.338	29612.81
584.679	33438.31
585.021	35612.82
585.362	31695.38
585.703	27537.55
586.044	24178.22
586.385	25452.26
586.726	28295.69
587.067	29954.69
587.408	27025.76
587.749	24272.44
588.09	22178.64
588.431	20380.07
588.772	18106.39
589.113	17309.3
589.453	18005.23
589.794	17905.03
590.134	16390.75
590.475	14984.69
590.815	14584.09
591.156	14938.39
591.496	14688.78
591.837	17701.11
592.177	22698.03
592.517	27093.53
592.857	27649.07
593.198	24555.11
593.538	20952.7
593.878	17607.27
594.218	17314.24
594.558	18849.45
594.898	19595.49
595.237	18170.04
595.577	15989.61
595.917	14174.85
596.257	13699.83
596.596	14453.41
596.936	15678.86
597.276	15503.99
597.615	14809.38
597.955	16376.37
598.294	20671.59
598.633	22435.41
598.973	21831.49
599.312	20266
599.651	20694.69
599.991	20036.82
600.33	19307.02
600.669	18203.59
601.008	17549.47
601.347	16190.49
601.686	15784.13
602.025	16362
602.364	16781.02
602.702	18342.19
603.041	18564.57
603.38	18035.33
603.719	16203.87
604.057	14853.22
604.396	14383.55
604.734	14604.03
605.073	17170.37
605.411	18537.95
605.75	18019.54
606.088	16416.02
606.426	15539.77
606.764	16274.77
607.103	16368.45
607.441	15147.95
607.779	14282.22
608.117	13955.96
608.455	13690.32
608.793	12654.05
609.131	13227.79
609.469	14731.65
609.806	15503.99
610.144	14203.32
610.482	12598.19
610.819	12578.56
611.157	12577.05
611.495	12102.79
611.832	11490.54
612.17	11435.33
612.507	11823.99
612.844	11773.43
613.182	11700.1
613.519	11661.14
613.856	11897.77
614.193	11843.2
614.53	12358.97
614.867	12848.16
615.205	12348.89
615.541	11362.35
615.878	10240.56
616.215	9870.33
616.552	10047.89
616.889	10017.72
617.226	10464.58
617.562	10472.22
617.899	9584.29
618.235	8576.07
618.572	7656.82
618.908	7568.65
619.245	8199.39
619.581	8786.43
619.918	8736.33
620.254	7057.02
620.59	5894.56
620.926	6067.9
621.262	6931.61
621.599	7620.83
621.935	7420.85
622.271	7882.9
622.606	8497.42
622.942	8633.99
623.278	8057.11
623.614	8097.63
623.95	8582.28
624.285	8597.8
624.621	8144.37
624.957	7238.31
625.292	6912.71
625.628	6576.06
625.963	6113.97
626.299	6235.11
626.634	6532.32
626.969	6530.21
627.304	6190.16
627.64	5133.29
627.975	4866.48
628.31	4948
628.645	5587.39
628.98	5717.72
629.315	5599.64
629.65	5303.24
629.985	5359.29
630.319	5112.95
630.654	4812.28
630.989	4795.09
631.323	4680.64
631.658	4505.72
631.993	4233.21
632.327	3931.63
632.662	3970.13
632.996	4017.29
633.33	4201.86
633.665	4219.16
633.999	3878.46
634.333	3787.77
634.667	3741.57
635.001	3790.48
635.335	3984.77
635.669	4415.16
636.003	4569.27
636.337	4382.26
636.671	3987.48
637.005	3625.14
637.339	3396.16
637.672	3546.16
638.006	3845.88
638.339	3922.41
638.673	3719.28
639.006	3528.72
639.34	3372.14
639.673	3374.32
640.007	3374.32
640.34	3350.29
640.673	3232.21
641.006	3172.56
641.34	3084.91
641.673	2932.4
642.006	2851.63
642.339	2865.37
642.672	2939.54
643.004	2876.37
643.337	2837.89
643.67	2716.29
644.003	2728.4
644.336	2766.38
644.668	2790.04
645.001	2772.99
645.333	2709.13
645.666	2559.75
645.998	2431.08
646.331	2377.45
646.663	2326.55
646.995	2426.11
647.327	2805.44
647.66	3216.34
647.992	3562.51
648.324	3620.79
648.656	3721.99
648.988	3529.27
649.32	3180.77
649.652	2799.39
649.983	2587.33
650.315	2535.47
650.647	2518.36
650.979	2752.07
651.31	2893.4
651.642	3159.41
651.973	3266.67
652.305	3257.37
652.636	3225.1
652.967	3188.98
653.299	2963.14
653.63	2878.01
653.961	3086.01
654.292	3741.57
654.623	10628.67
654.955	68795.73
655.286	68795.73
655.616	68795.73
655.947	68795.73
656.278	68795.73
656.609	60006.08
656.94	26296.58
657.27	16128.5
657.601	11712.75
657.932	8698.09
658.262	6128.79
658.593	4408.15
658.923	3279.79
659.254	2695.91
659.584	2378.01
659.914	2152.02
660.244	2059.89
660.575	2004.89
660.905	2048.22
661.235	2046.56
661.565	2069.33
661.895	2123.73
662.225	2144.81
662.555	2090.98
662.884	2034.34
663.214	2058.78
663.544	2152.02
663.873	2221.88
664.203	2262.88
664.533	2283.37
664.862	2411.18
665.192	2381.88
665.521	2235.74
665.85	2034.34
666.18	1904.22
666.509	1849.11
666.838	1867.48
667.167	1963.19
667.496	1959.85
667.825	1954.85
668.154	1927.04
668.483	1899.77
668.812	1987.66
669.141	2075.44
669.47	2100.42
669.798	2103.75
670.127	2099.31
670.456	2052.67
670.784	2466.45
671.113	2936.79
671.441	3424
671.77	3690.45
672.098	3475.29
672.426	3115.05
672.755	2540.43
673.083	2343.71
673.411	2204.7
673.739	2269.53
674.067	2173.1
674.395	2036.56
674.723	2042.67
675.051	2142.59
675.379	2170.33
675.706	2194.17
676.034	2123.73
676.362	2079.32
676.689	2104.86
677.017	2399.57
677.344	2735.01
677.672	2897.24
677.999	2787.84
678.327	2739.41
678.654	2867.02
678.981	3155.58
679.308	3289.63
679.636	3120.53
679.963	2913.18
680.29	2587.88
680.617	2652.94
680.944	2659.55
681.271	2772.99
681.597	2586.23
681.924	2259.01
682.251	2082.66
682.578	2125.95
682.904	2405.1
683.231	2775.19
683.557	2917.02
683.884	3019.66
684.21	3184.6
684.536	3383.6
684.863	3520.55
685.189	3649.64
685.515	3385.79
685.841	3067.92
686.167	2929.1
686.493	2954.91
686.819	3002.66
687.145	2915.92
687.471	2646.33
687.797	2344.26
688.123	2232.41
688.448	2282.82
688.774	2485.78
689.1	2578.51
689.425	2503.45
689.751	2222.99
690.076	2299.43
690.402	2550.92
690.727	2909.88
691.052	2978.51
691.377	2859.88
691.703	2697.02
692.028	2602.22
692.353	2634.2
692.678	2684.9
693.003	2694.81
693.328	2458.71
693.652	2075.99
693.977	1947.06
694.302	2076.55
694.627	2346.48
694.951	2354.22
695.276	2110.41
695.6	1827.38
695.925	1959.85
696.249	2501.79
696.574	3098.61
696.898	3287.99
697.222	2924.16
697.546	2652.94
697.871	2398.47
698.195	2371.37
698.519	2284.48
698.843	2231.3
699.167	2108.75
699.491	1983.21
699.814	1844.09
700.138	1826.27
700.462	1811.78
700.786	1816.8
701.109	1853.56
701.433	1919.8
701.756	2094.31
702.08	2157.57
702.403	2193.62
702.726	2056
703.05	1886.97
703.373	1819.03
703.696	1822.37
704.019	1755.48
704.342	1689.65
704.665	1571.24
704.988	1516.99
705.311	1513.08
705.634	1757.71
705.957	2130.94
706.28	2581.26
706.602	2916.47
706.925	2949.42
707.247	2759.78
707.57	2529.4
707.892	2350.9
708.215	2194.72
708.537	2042.11
708.859	1968.2
709.182	1907.01
709.504	1983.76
709.826	2113.74
710.148	2161.45
710.47	2072.11
710.792	1988.77
711.114	1826.27
711.436	1743.77
711.758	1773.88
712.079	1747.68
712.401	1825.16
712.723	2045.45
713.044	2165.34
713.366	2405.1
713.687	2432.19
714.009	2330.98
714.33	2234.08
714.652	2140.37
714.973	2023.22
715.294	1816.8
715.615	1663.42
715.936	1525.94
716.257	1527.06
716.578	1518.67
716.899	1491.26
717.22	1633.26
717.541	1766.64
717.862	1863.59
718.182	1843.54
718.503	1905.34
718.824	1898.66
719.144	1882.52
719.465	1820.7
719.785	1776.11
720.105	1863.59
720.426	1884.74
720.746	1897.54
721.066	1851.33
721.386	1840.2
721.706	1749.91
722.026	1716.44
722.346	1618.18
722.666	1662.86
722.986	1706.95
723.306	1701.93
723.626	1699.7
723.946	1599.74
724.265	1664.54
724.585	1895.32
724.904	1999.33
725.224	2000.44
725.543	2071.55
725.863	2073.77
726.182	1959.85
726.501	1831.84
726.82	1799.52
727.14	1819.58
727.459	1898.1
727.778	1959.85
728.097	2006.55
728.416	1979.87
728.734	2056
729.053	2168.66
729.372	2177.54
729.691	2178.65
730.009	2386.3
730.328	2574.64
730.647	2673.88
730.965	2603.33
731.283	2479.15
731.602	2309.95
731.92	2284.48
732.238	2350.9
732.557	2502.34
732.875	2526.08
733.193	2672.23
733.511	2946.12
733.829	3027.34
734.147	2834.59
734.465	2452.63
734.782	2299.43
735.1	2442.13
735.418	2471.42
735.735	2460.37
736.053	2512.83
736.371	2457.61
736.688	2412.84
737.005	2256.79
737.323	2005.44
737.64	1881.96
737.957	1983.76
738.274	2231.3
738.592	2581.82
738.909	2603.88
739.226	2379.11
739.543	1984.32
739.86	1798.97
740.176	1669
740.493	1515.88
740.81	1486.22
741.127	1460.47
741.443	1546.08
741.76	1682.96
742.076	1790.61
742.393	1690.21
742.709	1557.82
743.025	1430.79
743.342	1421.27
743.658	1429.67
743.974	1507.48
744.29	1536.01
744.606	1538.81
744.922	1474.47
745.238	1533.22
745.554	1508.6
745.87	1431.91
746.186	1432.47
746.501	1579.06
746.817	1651.13
747.132	1506.92
747.448	1328.79
747.763	1278.29
748.079	1296.81
748.394	1486.78
748.71	1751.58
749.025	1958.19
749.34	2094.31
749.655	2083.21
749.97	1973.2
750.285	1895.87
750.6	1891.42
750.915	1985.99
751.23	2057.11
751.545	1954.85
751.859	1794.51
752.174	1663.98
752.489	1717
752.803	1894.21
753.118	2048.78
753.432	2042.11
753.747	1944.28
754.061	1881.4
754.375	2008.22
754.689	2190.84
755.004	2262.33
755.318	2262.88
755.632	2373.58
755.946	2561.4
756.26	2731.16
756.573	3004.85
756.887	3243.15
757.201	3312.04
757.515	3067.92
757.828	2536.57
758.142	2338.18
758.455	2426.66
758.769	2802.69
759.082	3060.79
759.396	3213.61
759.709	3269.4
760.022	3369.95
760.335	3153.94
760.648	2863.18
760.962	2461.47
761.275	2132.61
761.587	1955.41
761.9	1969.86
762.213	2058.22
762.526	2207.47
762.839	2267.87
763.151	2351.45
763.464	2542.64
763.776	2792.24
764.089	3179.67
764.401	3147.91
764.714	2951.07
765.026	2561.96
765.338	2256.79
765.65	1999.33
765.962	1778.34
766.275	1615.95
766.587	1552.23
766.898	1575.71
767.21	1722.02
767.522	1908.12
767.834	2217.45
768.146	2276.73
768.457	2206.37
768.769	1973.76
769.08	1793.95
769.392	1816.24
769.703	2053.78
770.015	2195.83
770.326	2266.21
770.637	2235.18
770.948	2081.54
771.26	1830.17
771.571	1602.54
771.882	1605.33
772.193	1692.45
772.504	1676.26
772.814	1620.42
773.125	1550.55
773.436	1463.27
773.747	1415.67
774.057	1328.79
774.368	1340
774.678	1301.3
774.989	1197.43
775.299	1150.78
775.609	1163.15
775.919	1164.27
776.23	1138.97
776.54	1120.98
776.85	1163.15
777.16	1154.72
777.47	1240.68
777.78	1385.97
778.089	1547.76
778.399	1589.13
778.709	1564.53
779.019	1485.1
779.328	1267.07
779.638	1166.52
779.947	1278.29
780.257	1530.98
780.566	1767.19
780.875	1824.04
781.185	1701.37
781.494	1581.86
781.803	1483.42
782.112	1425.75
782.421	1424.07
782.73	1444.79
783.039	1505.25
783.348	1431.35
783.656	1199.68
783.965	1152.47
784.274	1182.26
784.582	1265.38
784.891	1283.34
785.199	1310.84
785.508	1228.33
785.816	1122.1
786.124	1240.68
786.432	1306.35
786.741	1408.95
787.049	1440.31
787.357	1447.03
787.665	1401.66
787.973	1414.55
788.281	1380.37
788.588	1308.59
788.896	1208.1
789.204	1081.59
789.511	1010.09
789.819	1046.69
790.126	990.93
790.434	1004.45
790.741	983.04
791.049	1038.81
791.356	935.69
791.663	939.08
791.97	934.56
792.277	927.23
792.584	986.42
792.891	1126.04
793.198	1299.06
793.505	1498.53
793.812	1484.54
794.119	1389.9
794.425	1287.83
794.732	1301.86
795.038	1097.91
795.345	976.84
795.651	855.01
795.958	795.14
796.264	870.25
796.57	908.62
796.876	987.55
797.183	1027.55
797.489	955.99
797.795	913.13
798.101	909.18
798.406	924.98
798.712	896.21
799.018	861.22
799.324	799.66
799.629	852.75
799.935	855.57
800.24	798.53
800.546	791.19
800.851	812.09
801.157	794.01
801.462	704.69
801.767	702.42
802.072	719.96
802.377	800.79
802.682	830.73
802.987	843.15
803.292	811.53
803.597	783.28
803.902	757.28
804.207	736.36
804.511	774.8
804.816	791.75
805.12	897.34
805.425	972.34
805.729	1015.72
806.034	1052.32
806.338	909.75
806.642	901.29
806.946	886.62
807.251	871.38
807.555	884.92
807.859	887.74
808.162	888.31
808.466	827.91
808.77	807.01
809.074	762.37
809.378	766.32
809.681	754.45
809.985	756.15
810.288	756.71
810.592	739.75
810.895	706.38
811.198	683.75
811.502	650.92
811.805	638.47
812.108	617.51
812.411	656.59
812.714	744.84
813.017	812.66
813.32	854.45
813.623	816.61
813.926	761.24
814.228	713.17
814.531	648.09
814.833	637.9
815.136	644.13
815.438	615.82
815.741	667.91
816.043	674.7
816.345	690.54
816.648	695.07
816.95	654.32
817.252	659.42
817.554	676.4
817.856	665.64
818.158	587.49
818.46	576.72
818.761	599.95
819.063	614.12
819.365	583.52
819.666	665.64
819.968	728.44
820.269	748.23
820.571	743.71
820.872	662.81
821.173	642.43
821.475	631.11
821.776	599.39
822.077	564.82
822.378	610.15
822.679	592.59
822.98	625.44
823.281	588.06
823.581	576.72
823.882	588.62
824.183	635.07
824.483	619.78
824.784	644.13
825.084	661.68
825.385	609.58
825.685	626.01
825.985	637.9
826.286	584.66
826.586	591.46
826.886	618.08
827.186	650.36
827.486	600.52
827.786	633.94
828.086	560.29
828.386	547.25
828.685	576.16
828.985	594.29
829.285	600.52
829.584	597.69
829.884	526.27
830.183	573.32
830.482	527.4
830.782	524
831.081	524.56
831.38	513.22
831.679	508.12
831.978	527.97
832.277	559.72
832.576	563.12
832.875	542.71
833.174	533.07
833.472	543.28
833.771	569.92
834.07	557.45
834.368	550.65
834.667	585.22
834.965	507.55
835.263	549.51
835.562	540.44
835.86	564.25
836.158	513.22
836.456	521.16
836.754	516.62
837.052	495.07
837.35	490.53
837.648	525.7
837.946	500.17
838.243	493.93
838.541	482.58
838.839	479.18
839.136	495.63
839.434	517.76
839.731	537.61
840.028	555.75
840.326	507.55
840.623	521.73
840.92	526.27
841.217	526.27
841.514	463.29
841.811	489.39
842.108	493.36
842.405	495.07
842.701	484.85
842.998	513.22
843.295	492.8
843.591	500.74
843.888	482.58
844.184	516.62
844.481	478.61
844.777	478.04
845.073	487.12
845.369	529.67
845.665	518.33
845.962	497.34
846.258	491.09
846.553	504.14
846.849	481.45
847.145	453.07
847.441	510.95
847.737	485.42
848.032	509.25
848.328	503.58
848.623	464.42
848.919	485.99
849.214	461.02
849.509	467.26
849.805	483.72
850.1	476.91
850.395	497.34
850.69	442.85
850.985	484.29
851.28	470.1
851.575	480.31
851.869	470.1
852.164	486.56
852.459	492.8
852.753	505.28
853.048	499.04
853.342	559.72
853.637	579.56
853.931	554.05
854.225	565.95
854.52	508.12
854.814	568.22
855.108	495.63
855.402	527.4
855.696	530.8
855.99	571.62
856.283	508.68
856.577	512.09
856.871	488.83
857.164	534.77
857.458	485.42
857.751	516.62
858.045	527.97
858.338	533.07
858.632	496.77
858.925	492.8
859.218	468.96
859.511	517.76
859.804	517.76
860.097	476.34
860.39	525.13
860.683	483.15
860.976	480.31
861.268	486.56
861.561	467.83
861.854	464.42
862.146	479.18
862.439	478.04
862.731	476.34
863.023	480.88
863.316	453.07
863.608	489.39
863.9	480.88
864.192	488.83
864.484	542.71
864.776	470.1
865.068	444.55
865.36	445.12
865.651	470.67
865.943	459.31
866.235	455.34
866.526	454.77
866.818	484.29
867.109	455.91
867.4	479.75
867.692	474.64
867.983	469.53
868.274	451.93
868.565	496.77
868.856	464.42
869.147	462.72
869.438	452.5
869.729	475.77
870.02	469.53
870.31	461.02
870.601	484.29
870.892	453.07
871.182	451.37
871.473	488.26
871.763	447.39
872.053	444.55
872.343	476.91
872.634	473.5
872.924	482.58
873.214	475.77
873.504	461.58
873.794	491.66
874.084	457.04
874.373	475.77
874.663	460.45
874.953	476.34
875.242	472.94
875.532	471.8
875.821	443.98
876.111	523.43
876.4	484.85
876.689	461.58
876.978	435.47
877.268	466.12
877.557	450.23
877.846	464.99
878.134	465.56
878.423	465.56
878.712	465.56
