E_ph QE QRefl LGRefl30 LGRefl45 LGRefl60 LGRefl90 QAbs QAbs(70 MRad) QAbs(170 MRad) CathIndR CathIndI 
1.55 0.00107604 0.0665276 0.562375 0.575389 0.59728 0.893194 159.211 0 134.919 2.93405 0.7544
1.58 0.00107604 0.0665942 0.514723 0.562587 0.601551 0.90917 152.516 0 134.919 2.81602 0.515705
1.61 0.00107604 0.0665942 0.514723 0.562587 0.601551 0.90917 148.197 0 134.919 2.81602 0.515705
1.64 0.00113934 0.0666609 0.523166 0.57576 0.622696 0.923525 145.778 0 132.166 2.65292 0.162711
1.67 0.00136922 0.0667276 0.557507 0.599114 0.652581 0.929453 144.863 0 132.166 2.64155 0.158592
1.7 0.00136922 0.0667276 0.557507 0.599114 0.652581 0.929453 145.128 0 132.166 2.64155 0.158592
1.73 0.00172166 0.0667944 0.574422 0.607586 0.661035 0.934365 146.306 0 139.782 2.65721 0.219961
1.76 0.00172166 0.0667944 0.574422 0.607586 0.661035 0.934365 148.176 0 139.782 2.65721 0.219961
1.79 0.00172166 0.0668613 0.576527 0.599707 0.657149 0.943732 150.557 0 137.612 2.63667 0.257276
1.82 0.00172166 0.0669282 0.574472 0.604776 0.661847 0.943905 153.302 0 137.612 2.64609 0.275079
1.85 0.00172166 0.0669282 0.574472 0.604776 0.661847 0.943905 156.289 0 137.612 2.64609 0.275079
1.88 0.00183132 0.0669952 0.593043 0.618158 0.645333 0.935416 159.42 0 128.567 2.6679 0.291109
1.91 0.00183132 0.0669952 0.593043 0.618158 0.645333 0.935416 162.615 0 128.567 2.6679 0.291109
1.94 0.0019489 0.0670623 0.580388 0.602005 0.662391 0.955727 165.81 0 128.567 2.67284 0.326428
1.97 0.00266535 0.0671294 0.571901 0.593177 0.657346 0.963063 168.955 0 121.065 2.71082 0.334684
2 0.00266535 0.0671294 0.571901 0.593177 0.657346 0.963063 172.008 0 121.065 2.71082 0.334684
2.03 0.00510642 0.0671966 0.567517 0.58842 0.655632 0.967007 174.939 0 125.592 2.76661 0.334581
2.07 0.0105398 0.0672638 0.565825 0.588556 0.656357 0.965619 178.616 0 125.592 2.81675 0.387799
2.1 0.0105398 0.0672638 0.565825 0.588556 0.656357 0.965619 181.179 0 125.592 2.81675 0.387799
2.14 0.0185402 0.0673642 0.580105 0.600146 0.669332 0.959737 184.314 0 131.984 2.85521 0.446565
2.18 0.02978 0.0674833 0.564639 0.590641 0.660053 0.959213 187.113 0 131.984 2.87959 0.534811
2.21 0.0450236 0.0676066 0.58511 0.609039 0.676323 0.970364 188.988 0 137.287 2.90428 0.630064
2.25 0.0642201 0.067714 0.588561 0.61281 0.680998 0.971628 191.186 0 137.287 2.93699 0.764394
2.3 0.0851865 0.067825 0.592609 0.616843 0.68519 0.971322 193.46 0 142.801 2.9565 0.878021
2.34 0.0851865 0.067825 0.592609 0.616843 0.68519 0.971322 194.909 0 142.801 2.9565 0.878021
2.38 0.104685 0.0679326 0.596638 0.622278 0.690392 0.976522 196.044 0 148.145 2.90113 0.909927
2.43 0.12228 0.0680383 0.598415 0.621284 0.68994 0.975407 197.041 0 148.521 2.84162 0.936687
2.48 0.138587 0.0681427 0.600181 0.623991 0.692858 0.975724 197.6 0 148.521 2.79294 0.983838
2.53 0.154289 0.0682951 0.603797 0.628135 0.698252 0.973928 197.752 0 158.588 2.74303 1.04718
2.58 0.170402 0.0684247 0.612723 0.634599 0.705525 0.963865 197.53 0 158.588 2.69754 1.09369
2.64 0.199926 0.0686607 0.617717 0.641534 0.712928 0.977653 196.815 0 159.949 2.60172 1.09389
2.7 0.213576 0.0688338 0.62089 0.644989 0.717208 0.981011 195.662 0 155.324 2.54236 1.1005
2.76 0.226643 0.0689556 0.62599 0.648746 0.722419 0.980166 194.121 0 168.686 2.41995 1.135
2.82 0.2377 0.069111 0.625409 0.6488 0.721756 0.978149 192.24 0 168.686 2.30035 1.17249
2.88 0.256041 0.0693846 0.635092 0.659806 0.733442 0.980213 190.062 0 149.847 2.17216 1.21127
2.95 0.264033 0.0695288 0.63772 0.662288 0.737641 0.982846 187.201 0 152.211 2.14272 1.21611
3.02 0.270802 0.0696879 0.643837 0.668747 0.74483 0.984174 184.047 0 150.435 2.10729 1.22038
3.1 0.282018 0.0700464 0.654041 0.677158 0.754495 0.984286 180.153 0 134.874 1.97172 1.31025
3.18 0.289768 0.0703539 0.659265 0.683295 0.760739 0.984099 176.012 0 139.694 1.81652 1.43464
3.26 0.292443 0.0705222 0.667966 0.690073 0.771094 0.990195 171.682 0 136.07 1.78331 1.44733
3.35 0.296216 0.0709254 0.675145 0.69864 0.779712 0.988383 166.647 0 132.17 1.6935 1.36138
3.44 0.29766 0.0713142 0.683512 0.707132 0.789741 0.990332 161.497 0 121.145 1.6106 1.27959
3.54 0.298454 0.0717876 0.693346 0.715947 0.798739 0.989309 155.699 0 83.0344 1.58495 1.19726
3.65 0.298446 0.072067 0.700988 0.722308 0.808587 0.991338 149.294 0 58.232 1.56542 1.11272
3.76 0.297468 0.0725936 0.720251 0.736933 0.825072 0.990452 142.918 0 45.0774 1.49069 0.975759
3.87 0.295776 0.0730113 0.717764 0.739317 0.829506 0.99149 136.616 0 32.5663 1.42804 0.895303
4 0.290902 0.0735292 0.724298 0.746214 0.8376 0.990273 129.313 0 22.067 1.35671 0.803612
4.13 0.286475 0.0739077 0.727828 0.750511 0.842786 0.990464 122.207 0 13.9318 1.35129 0.749369
4.28 0.274917 0.0750508 0.725842 0.747654 0.843207 0.981277 114.291 0 9.45705 1.33575 0.638899
4.43 0.263661 0.0759965 0.720634 0.743964 0.84091 0.974009 106.706 0 8.3976 1.32944 0.629366
4.59 0.252352 0.0766319 0.717174 0.739702 0.839877 0.967622 98.9965 0 6.52032 1.30712 0.610593
4.77 0.241387 0.0776936 0.708089 0.728075 0.831201 0.954089 90.8029 0 5.4129 1.27539 0.584887
4.96 0.240115 0.0789382 0.683595 0.705307 0.807057 0.938478 82.7004 0 4.72908 1.28025 0.58498
5.17 0.249086 0.0802176 0.619135 0.641786 0.73845 0.911444 74.3789 0 3.76007 1.28025 0.58498
5.39 0.265845 0.0818538 0.48866 0.509701 0.579546 0.862383 66.3417 0 2.93654 1.28025 0.58498
5.64 0.282768 0.0836815 0.396527 0.417563 0.466003 0.805696 58.0003 0 2.29729 1.28025 0.58498
5.9 0.292666 0.0856745 0.430795 0.45032 0.501258 0.775032 50.1491 0 2.37719 1.28025 0.58498
6.2 0.297091 0.088007 0.521922 0.543791 0.585227 0.719058 42.036 0 2.57308 1.28025 0.58498
