1.52063492063492e+002 7.99086757990868e-001
1.60105820105820e+002 4.88584474885845e+000
1.61105820105820e+002 9.65753424657534e+000
1.68148148148148e+002 1.23744292237443e+001
1.76190476190476e+002 1.97260273972603e+001
1.83809523809524e+002 2.52054794520548e+001
1.91851851851852e+002 2.83105022831050e+001
1.99894179894180e+002 2.93835616438356e+001
2.07936507936508e+002 2.94063926940639e+001
2.15978835978836e+002 2.90410958904110e+001
2.24021164021164e+002 2.75799086757991e+001
2.32063492063492e+002 2.61643835616438e+001
2.40105820105820e+002 2.48858447488584e+001
2.48148148148148e+002 2.39726027397260e+001
2.56190476190476e+002 2.36301369863014e+001
2.63809523809524e+002 2.39726027397260e+001
2.71851851851852e+002 2.47488584474886e+001
2.79894179894180e+002 2.57305936073059e+001
2.87936507936508e+002 2.67351598173516e+001
2.95978835978836e+002 2.75342465753425e+001
3.04021164021164e+002 2.84703196347032e+001
3.12063492063492e+002 2.89041095890411e+001
3.20105820105820e+002 2.92009132420091e+001
3.28148148148148e+002 2.94977168949772e+001
3.36190476190476e+002 2.96347031963470e+001
3.43809523809524e+002 2.96575342465753e+001
3.51851851851852e+002 2.95890410958904e+001
3.59894179894180e+002 2.95890410958904e+001
3.67936507936508e+002 2.95890410958904e+001
3.75978835978836e+002 2.94292237442922e+001
3.84021164021164e+002 2.90639269406393e+001
3.92063492063492e+002 2.86757990867580e+001
4.00105820105820e+002 2.81506849315068e+001
4.08148148148148e+002 2.76255707762557e+001
4.16190476190476e+002 2.69634703196347e+001
4.23809523809524e+002 2.62100456621005e+001
4.31851851851852e+002 2.53652968036530e+001
4.39894179894180e+002 2.44292237442922e+001
4.47936507936508e+002 2.33789954337900e+001
4.55978835978836e+002 2.22831050228310e+001
4.64021164021164e+002 2.04566210045662e+001
4.72063492063492e+002 1.92237442922374e+001
4.80105820105820e+002 1.78995433789954e+001
4.88148148148148e+002 1.66438356164384e+001
4.96190476190476e+002 1.53424657534247e+001
5.03809523809524e+002 1.40867579908676e+001
5.11851851851852e+002 1.28995433789954e+001
5.19894179894180e+002 1.16210045662100e+001
5.27936507936508e+002 1.02968036529680e+001
5.35978835978836e+002 8.94977168949772e+000
5.44021164021164e+002 6.87214611872146e+000
5.52063492063492e+002 5.47945205479452e+000
5.60105820105820e+002 4.31506849315068e+000
5.68148148148148e+002 3.31050228310502e+000
5.76190476190476e+002 2.55707762557078e+000
5.83809523809524e+002 1.89497716894977e+000
5.91851851851852e+002 1.41552511415525e+000
5.99894179894180e+002 9.58904109589041e-001
6.07936507936508e+002 7.07762557077626e-001

