Generated by GetData Graph Digitizer 2.26.0.20 on August 07 2020, 12:41
from file 'C:\Users\Michael Gericke\Pictures\TM-170Mrad.jpg'

Line #1
 9.95347830790869e-003    3.07296849087894e-001
 2.00151465974251e-002    3.45273631840796e-001
 2.99686249053338e-002    3.52404643449420e-001
 4.00302931948502e-002    3.32338308457711e-001
 4.99837715027588e-002    2.81426202321725e-001
 6.00454397922752e-002    2.41293532338308e-001
 6.99989181001839e-002    2.09286898839138e-001
 7.99523964080926e-002    1.86069651741294e-001
 9.00140646976090e-002    1.71641791044776e-001
 9.99675430055177e-002    1.57213930348259e-001
 1.10029211295034e-001    1.44278606965174e-001
 1.19982689602943e-001    1.33333333333333e-001
 1.30044357892459e-001    1.16583747927032e-001
 1.39997836200368e-001    9.95024875621891e-002
 1.49951314508277e-001    8.45771144278607e-002
 1.60012982797793e-001    6.78275290215589e-002
 1.69966461105702e-001    5.72139303482587e-002
 1.80028129395218e-001    4.19568822553897e-002
 1.89981607703127e-001    3.31674958540630e-002
 2.00043275992643e-001    2.32172470978441e-002
 2.09996754300552e-001    1.80762852404643e-002
 2.19950232608460e-001    1.17744610281924e-002
 2.30011900897977e-001    7.29684908789386e-003
 2.39965379205886e-001    4.80928689883914e-003
 2.50027047495402e-001    3.64842454394693e-003
 2.59980525803311e-001    2.98507462686567e-003
 2.70042194092827e-001    2.65339966832504e-003
 2.79995672400736e-001    2.32172470978441e-003
 2.89949150708644e-001    1.82421227197347e-003
 3.00010818998161e-001    1.49253731343284e-003
 3.09964297306069e-001    9.95024875621890e-004
 3.20025965595586e-001    1.49253731343284e-003
 3.29979443903495e-001    1.49253731343284e-003
 3.40041112193011e-001    1.32669983416252e-003
 3.49994590500920e-001    1.65837479270315e-003
 3.59948068808828e-001    1.32669983416252e-003
 3.70009737098345e-001    1.49253731343284e-003
 3.79963215406253e-001    1.49253731343284e-003
 3.90024883695770e-001    6.63349917081260e-004
 3.99978362003678e-001    6.63349917081260e-004
 4.10040030293195e-001    6.63349917081260e-004
 4.19993508601104e-001    1.82421227197347e-003
 4.29946986909012e-001    1.82421227197347e-003
 4.40008655198529e-001    1.99004975124378e-003
 4.49962133506437e-001    1.49253731343284e-003
 4.60023801795954e-001    1.32669983416252e-003
 4.69977280103862e-001    1.16086235489221e-003
 4.80038948393379e-001    1.16086235489221e-003
 4.89992426701287e-001    6.63349917081260e-004
 5.00054094990804e-001    2.32172470978441e-003
 5.10007573298712e-001    8.29187396351575e-004
 5.19961051606621e-001    2.15588723051410e-003
 5.30022719896138e-001    2.15588723051410e-003
 5.39976198204046e-001    2.15588723051410e-003
 5.50037866493563e-001    2.32172470978441e-003
 5.59991344801471e-001    2.65339966832504e-003
 5.70053013090988e-001    2.81923714759536e-003
 5.80006491398896e-001    2.81923714759536e-003
 5.89959969706805e-001    2.98507462686567e-003
 6.00021637996322e-001    2.98507462686567e-003
 6.09975116304230e-001    2.98507462686567e-003
 6.20036784593747e-001    2.98507462686567e-003
 6.29990262901655e-001    2.98507462686567e-003
 6.40051931191172e-001    2.98507462686567e-003
 6.50005409499080e-001    2.98507462686567e-003
 6.59958887806989e-001    2.98507462686567e-003
 6.70020556096505e-001    2.98507462686567e-003
 6.79974034404414e-001    2.98507462686567e-003
 6.90035702693931e-001    2.98507462686567e-003
 6.99989181001839e-001    2.98507462686567e-003
 7.10050849291356e-001    2.98507462686567e-003
 7.20004327599264e-001    2.98507462686567e-003
 7.29957805907173e-001    2.98507462686567e-003
 7.40019474196689e-001    2.98507462686567e-003
 7.49972952504598e-001    2.98507462686567e-003
 7.60034620794114e-001    2.98507462686567e-003
 7.69988099102023e-001    2.98507462686567e-003
 7.80049767391540e-001    2.98507462686567e-003
 7.90003245699448e-001    1.99004975124378e-003
 7.99956724007357e-001    8.29187396351575e-004
 8.10018392296873e-001    6.63349917081260e-004
 8.19971870604782e-001    6.63349917081260e-004
 8.30033538894298e-001    6.63349917081260e-004
 8.39987017202207e-001    6.63349917081260e-004
 8.50048685491724e-001    6.63349917081260e-004
 8.60002163799632e-001    9.95024875621890e-004
 8.69955642107541e-001    9.95024875621890e-004
 8.80017310397057e-001    1.49253731343284e-003
 8.89970788704966e-001    1.32669983416252e-003
 9.00032456994482e-001    1.65837479270315e-003
 9.09985935302391e-001    1.82421227197347e-003
 9.20047603591907e-001    1.32669983416252e-003
 9.30001081899816e-001    1.65837479270315e-003
 9.39954560207725e-001    1.65837479270315e-003
 9.50016228497241e-001    1.82421227197347e-003
 9.59969706805150e-001    1.65837479270315e-003
 9.70031375094666e-001    1.99004975124378e-003
 9.79984853402575e-001    1.82421227197347e-003
 9.90046521692091e-001    1.49253731343284e-003
 1.00000000000000e+000    2.81923714759536e-003
