 2.00973709834469e+002    2.97678275290216e-001
 2.02012333657903e+002    2.97678275290216e-001
 2.02986043492373e+002    2.98507462686567e-001
 2.04024667315807e+002    3.00829187396352e-001
 2.04998377150276e+002    3.05306799336650e-001
 2.05972086984745e+002    3.08126036484245e-001
 2.07010710808179e+002    3.15754560530680e-001
 2.07984420642649e+002    3.23217247097844e-001
 2.09023044466082e+002    3.26865671641791e-001
 2.09996754300552e+002    3.34328358208955e-001
 2.10970464135021e+002    3.42454394693201e-001
 2.12009087958455e+002    3.46932006633499e-001
 2.12982797792924e+002    3.48424543946932e-001
 2.14021421616358e+002    3.50746268656716e-001
 2.14995131450828e+002    3.52238805970149e-001
 2.15968841285297e+002    3.52902155887231e-001
 2.17007465108731e+002    3.52902155887231e-001
 2.17981174943200e+002    3.52238805970149e-001
 2.19019798766634e+002    3.50746268656716e-001
 2.19993508601104e+002    3.49253731343284e-001
 2.21032132424537e+002    3.45605306799337e-001
 2.22005842259007e+002    3.40961857379768e-001
 2.22979552093476e+002    3.38805970149254e-001
 2.24018175916910e+002    3.29850746268657e-001
 2.24991885751379e+002    3.20895522388060e-001
 2.26030509574813e+002    3.13432835820896e-001
 2.27004219409283e+002    3.08955223880597e-001
 2.27977929243752e+002    3.00663349917081e-001
 2.29016553067186e+002    2.91708126036484e-001
 2.29990262901655e+002    2.84411276948590e-001
 2.31028886725089e+002    2.72470978441128e-001
 2.32002596559559e+002    2.64179104477612e-001
 2.32976306394028e+002    2.59701492537313e-001
 2.34014930217462e+002    2.51409618573798e-001
 2.34988640051931e+002    2.42454394693201e-001
 2.36027263875365e+002    2.33665008291874e-001
 2.37000973709834e+002    2.30679933665008e-001
 2.37974683544304e+002    2.23880597014925e-001
 2.39013307367738e+002    2.17910447761194e-001
 2.39987017202207e+002    2.16417910447761e-001
 2.41025641025641e+002    2.10447761194030e-001
 2.41999350860110e+002    2.03648424543947e-001
 2.42973060694580e+002    1.98507462686567e-001
 2.44011684518014e+002    1.97014925373134e-001
 2.44985394352483e+002    1.93366500829187e-001
 2.46024018175917e+002    1.90381426202322e-001
 2.46997728010386e+002    1.88723051409619e-001
 2.47971437844856e+002    1.85737976782753e-001
 2.49010061668290e+002    1.82752902155887e-001
 2.49983771502759e+002    1.79933665008292e-001
 2.51022395326193e+002    1.78441127694859e-001
 2.51996105160662e+002    1.75456053067993e-001
 2.52969814995131e+002    1.72305140961857e-001
 2.54008438818565e+002    1.70812603648425e-001
 2.54982148653035e+002    1.67993366500829e-001
 2.56020772476469e+002    1.64842454394693e-001
 2.56994482310938e+002    1.61857379767828e-001
 2.57968192145407e+002    1.60364842454395e-001
 2.59006815968841e+002    1.57379767827529e-001
 2.59980525803311e+002    1.55223880597015e-001
 2.61019149626745e+002    1.53731343283582e-001
 2.61992859461214e+002    1.52238805970149e-001
 2.63031483284648e+002    1.50746268656716e-001
 2.64005193119117e+002    1.47761194029851e-001
 2.64978902953587e+002    1.46932006633499e-001
 2.66017526777020e+002    1.44776119402985e-001
 2.66991236611490e+002    1.43283582089552e-001
 2.68029860434924e+002    1.41791044776119e-001
 2.69003570269393e+002    1.40298507462687e-001
 2.69977280103862e+002    1.37976782752902e-001
 2.71015903927296e+002    1.35820895522388e-001
 2.71989613761766e+002    1.34328358208955e-001
 2.73028237585200e+002    1.32172470978441e-001
 2.74001947419669e+002    1.29187396351575e-001
 2.74975657254138e+002    1.27529021558872e-001
 2.76014281077572e+002    1.24709784411277e-001
 2.76987990912042e+002    1.21558872305141e-001
 2.78026614735476e+002    1.18573797678275e-001
 2.79000324569945e+002    1.15588723051410e-001
 2.79974034404414e+002    1.11940298507463e-001
 2.81012658227848e+002    1.08291873963516e-001
 2.81986368062317e+002    1.06799336650083e-001
 2.83024991885751e+002    1.03648424543947e-001
 2.83998701720221e+002    1.00663349917081e-001
 2.84972411554690e+002    9.93366500829187e-002
 2.86011035378124e+002    9.63515754560531e-002
 2.86984745212593e+002    9.32006633499171e-002
 2.88023369036027e+002    9.10447761194030e-002
 2.88997078870497e+002    8.95522388059701e-002
 2.89970788704966e+002    8.73963515754561e-002
 2.91009412528400e+002    8.35820895522388e-002
 2.91983122362869e+002    8.14262023217247e-002
 2.93021746186303e+002    7.82752902155887e-002
 2.93995456020773e+002    7.54560530679934e-002
 2.94969165855242e+002    7.24709784411277e-002
 2.96007789678676e+002    7.08126036484245e-002
 2.96981499513145e+002    6.78275290215589e-002
 2.98020123336579e+002    6.48424543946932e-002
 2.98993833171048e+002    6.35157545605307e-002
 3.00032456994482e+002    6.05306799336650e-002
 3.01006166828952e+002    5.73797678275290e-002
 3.01979876663421e+002    5.52238805970149e-002
 3.03018500486855e+002    5.45605306799337e-002
 3.03992210321324e+002    5.07462686567164e-002
 3.05030834144758e+002    4.84245439469320e-002
 3.06004543979227e+002    4.62686567164179e-002
 3.06978253813697e+002    4.39469320066335e-002
 3.08016877637131e+002    4.17910447761194e-002
 3.08990587471600e+002    3.94693200663350e-002
 3.10029211295034e+002    3.88059701492537e-002
 3.11002921129503e+002    3.64842454394693e-002
 3.11976630963973e+002    3.43283582089552e-002
 3.13015254787407e+002    3.43283582089552e-002
 3.13988964621876e+002    3.28358208955224e-002
 3.15027588445310e+002    3.13432835820896e-002
 3.16001298279779e+002    2.98507462686567e-002
 3.16975008114249e+002    2.83582089552239e-002
 3.18013631937683e+002    2.68656716417910e-002
 3.18987341772152e+002    2.53731343283582e-002
 3.20025965595586e+002    2.38805970149254e-002
 3.20999675430055e+002    2.23880597014925e-002
 3.21973385264525e+002    2.08955223880597e-002
 3.23012009087958e+002    1.94029850746269e-002
 3.23985718922428e+002    1.94029850746269e-002
 3.25024342745862e+002    1.79104477611940e-002
 3.25998052580331e+002    1.64179104477612e-002
 3.26971762414800e+002    1.64179104477612e-002
 3.28010386238234e+002    1.49253731343284e-002
 3.28984096072704e+002    1.34328358208955e-002
 3.30022719896138e+002    1.27694859038143e-002
 3.30996429730607e+002    1.19402985074627e-002
 3.31970139565076e+002    1.11111111111111e-002
 3.33008763388510e+002    1.12769485903814e-002
 3.33982473222980e+002    1.04477611940299e-002
 3.35021097046414e+002    9.78441127694859e-003
 3.35994806880883e+002    8.95522388059702e-003
 3.36968516715352e+002    8.12603648424544e-003
 3.38007140538786e+002    7.46268656716418e-003
 3.38980850373255e+002    5.97014925373134e-003
 3.40019474196689e+002    5.30679933665008e-003
 3.40993184031159e+002    4.47761194029851e-003
 3.42031807854593e+002    3.64842454394693e-003
 3.43005517689062e+002    3.81426202321725e-003
 3.43979227523531e+002    3.81426202321725e-003
 3.45017851346965e+002    3.64842454394693e-003
 3.45991561181435e+002    3.64842454394693e-003
 3.47030185004869e+002    3.64842454394693e-003
 3.48003894839338e+002    3.64842454394693e-003
 3.48977604673807e+002    3.64842454394693e-003
 3.50016228497241e+002    3.64842454394693e-003
 3.50989938331711e+002    3.64842454394693e-003
 3.52028562155144e+002    3.64842454394693e-003
 3.53002271989614e+002    3.64842454394693e-003
 3.53975981824083e+002    3.64842454394693e-003
 3.55014605647517e+002    3.64842454394693e-003
 3.55988315481986e+002    3.64842454394693e-003
 3.57026939305420e+002    3.64842454394693e-003
 3.58000649139890e+002    3.64842454394693e-003
 3.58974358974359e+002    3.64842454394693e-003
 3.60012982797793e+002    3.64842454394693e-003
 3.60986692632262e+002    3.64842454394693e-003
 3.62025316455696e+002    3.64842454394693e-003
 3.62999026290166e+002    3.64842454394693e-003
 3.63972736124635e+002    3.64842454394693e-003
 3.65011359948069e+002    3.64842454394693e-003
 3.65985069782538e+002    3.64842454394693e-003
 3.67023693605972e+002    3.64842454394693e-003
 3.67997403440441e+002    3.64842454394693e-003
 3.68971113274911e+002    3.64842454394693e-003
 3.70009737098345e+002    3.64842454394693e-003
 3.70983446932814e+002    3.64842454394693e-003
 3.72022070756248e+002    3.64842454394693e-003
 3.72995780590717e+002    3.64842454394693e-003
 3.73969490425187e+002    3.64842454394693e-003
 3.75008114248621e+002    3.64842454394693e-003
 3.75981824083090e+002    3.64842454394693e-003
 3.77020447906524e+002    3.64842454394693e-003
 3.77994157740993e+002    3.64842454394693e-003
 3.78967867575462e+002    3.64842454394693e-003
 3.80006491398897e+002    3.64842454394693e-003
 3.80980201233366e+002    3.64842454394693e-003
 3.82018825056800e+002    3.64842454394693e-003
 3.82992534891269e+002    3.64842454394693e-003
 3.84031158714703e+002    3.64842454394693e-003
 3.85004868549172e+002    3.64842454394693e-003
 3.85978578383642e+002    3.64842454394693e-003
 3.87017202207076e+002    3.64842454394693e-003
 3.87990912041545e+002    3.64842454394693e-003
 3.89029535864979e+002    3.64842454394693e-003
 3.90003245699448e+002    3.64842454394693e-003
 3.90976955533918e+002    3.64842454394693e-003
 3.92015579357352e+002    3.64842454394693e-003
 3.92989289191821e+002    3.64842454394693e-003
 3.94027913015255e+002    3.64842454394693e-003
 3.95001622849724e+002    3.64842454394693e-003
 3.95975332684193e+002    3.64842454394693e-003
 3.97013956507627e+002    3.64842454394693e-003
 3.97987666342097e+002    3.64842454394693e-003
 3.99026290165531e+002    3.64842454394693e-003
 4.00000000000000e+002    3.64842454394693e-003
 4.00973709834469e+002    3.64842454394693e-003
 4.02012333657903e+002    3.64842454394693e-003
 4.02986043492373e+002    3.64842454394693e-003
 4.04024667315807e+002    3.64842454394693e-003
 4.04998377150276e+002    3.64842454394693e-003
 4.05972086984745e+002    3.64842454394693e-003
 4.07010710808179e+002    3.64842454394693e-003
 4.07984420642649e+002    3.64842454394693e-003
 4.09023044466082e+002    3.64842454394693e-003
 4.09996754300552e+002    3.64842454394693e-003
 4.10970464135021e+002    3.64842454394693e-003
 4.12009087958455e+002    3.64842454394693e-003
 4.12982797792924e+002    3.64842454394693e-003
 4.14021421616358e+002    3.64842454394693e-003
 4.14995131450828e+002    3.64842454394693e-003
 4.15968841285297e+002    3.64842454394693e-003
 4.17007465108731e+002    3.64842454394693e-003
 4.17981174943200e+002    3.64842454394693e-003
 4.19019798766634e+002    3.64842454394693e-003
 4.19993508601104e+002    3.64842454394693e-003
 4.21032132424538e+002    3.64842454394693e-003
 4.22005842259007e+002    3.64842454394693e-003
 4.22979552093476e+002    3.64842454394693e-003
 4.24018175916910e+002    3.64842454394693e-003
 4.24991885751379e+002    3.64842454394693e-003
 4.26030509574813e+002    3.64842454394693e-003
 4.27004219409283e+002    3.64842454394693e-003
 4.27977929243752e+002    3.64842454394693e-003
 4.29016553067186e+002    3.64842454394693e-003
 4.29990262901655e+002    3.64842454394693e-003
 4.31028886725089e+002    3.64842454394693e-003
 4.32002596559559e+002    3.64842454394693e-003
 4.32976306394028e+002    3.64842454394693e-003
 4.34014930217462e+002    3.64842454394693e-003
 4.34988640051931e+002    3.64842454394693e-003
 4.36027263875365e+002    3.64842454394693e-003
 4.37000973709835e+002    3.64842454394693e-003
 4.37974683544304e+002    3.64842454394693e-003
 4.39013307367738e+002    3.64842454394693e-003
 4.39987017202207e+002    3.64842454394693e-003
 4.41025641025641e+002    3.64842454394693e-003
 4.41999350860110e+002    3.64842454394693e-003
 4.42973060694580e+002    3.64842454394693e-003
 4.44011684518014e+002    3.64842454394693e-003
 4.44985394352483e+002    3.64842454394693e-003
 4.46024018175917e+002    3.64842454394693e-003
 4.46997728010386e+002    3.64842454394693e-003
 4.47971437844856e+002    3.64842454394693e-003
 4.49010061668290e+002    3.64842454394693e-003
 4.49983771502759e+002    3.64842454394693e-003
 4.51022395326193e+002    3.64842454394693e-003
 4.51996105160662e+002    3.64842454394693e-003
 4.52969814995131e+002    3.64842454394693e-003
 4.54008438818565e+002    3.64842454394693e-003
 4.54982148653035e+002    3.64842454394693e-003
 4.56020772476469e+002    3.64842454394693e-003
 4.56994482310938e+002    3.64842454394693e-003
 4.57968192145407e+002    3.64842454394693e-003
 4.59006815968841e+002    3.64842454394693e-003
 4.59980525803311e+002    3.64842454394693e-003
 4.61019149626745e+002    3.64842454394693e-003
 4.61992859461214e+002    3.64842454394693e-003
 4.63031483284648e+002    3.64842454394693e-003
 4.64005193119117e+002    3.64842454394693e-003
 4.64978902953587e+002    3.64842454394693e-003
 4.66017526777020e+002    3.64842454394693e-003
 4.66991236611490e+002    3.64842454394693e-003
 4.68029860434924e+002    3.64842454394693e-003
 4.69003570269393e+002    3.64842454394693e-003
 4.69977280103862e+002    3.64842454394693e-003
 4.71015903927296e+002    3.64842454394693e-003
 4.71989613761766e+002    3.64842454394693e-003
 4.73028237585200e+002    3.64842454394693e-003
 4.74001947419669e+002    3.64842454394693e-003
 4.74975657254138e+002    3.64842454394693e-003
 4.76014281077572e+002    3.64842454394693e-003
 4.76987990912042e+002    3.81426202321725e-003
 4.78026614735476e+002    3.81426202321725e-003
 4.79000324569945e+002    3.81426202321725e-003
 4.79974034404414e+002    3.81426202321725e-003
 4.81012658227848e+002    3.64842454394693e-003
 4.81986368062317e+002    3.64842454394693e-003
 4.83024991885751e+002    3.64842454394693e-003
 4.83998701720221e+002    3.64842454394693e-003
 4.84972411554690e+002    3.64842454394693e-003
 4.86011035378124e+002    3.64842454394693e-003
 4.86984745212593e+002    3.64842454394693e-003
 4.88023369036027e+002    3.64842454394693e-003
 4.88997078870497e+002    3.64842454394693e-003
 4.89970788704966e+002    3.64842454394693e-003
 4.91009412528400e+002    3.64842454394693e-003
 4.91983122362869e+002    3.64842454394693e-003
 4.93021746186303e+002    3.64842454394693e-003
 4.93995456020772e+002    3.64842454394693e-003
 4.94969165855242e+002    3.64842454394693e-003
 4.96007789678676e+002    3.64842454394693e-003
 4.96981499513145e+002    3.64842454394693e-003
 4.98020123336579e+002    3.64842454394693e-003
 4.98993833171048e+002    3.64842454394693e-003
 5.00032456994482e+002    3.64842454394693e-003
 5.01006166828952e+002    3.64842454394693e-003
 5.01979876663421e+002    3.64842454394693e-003
 5.03018500486855e+002    3.64842454394693e-003
 5.03992210321324e+002    3.64842454394693e-003
 5.05030834144758e+002    3.64842454394693e-003
 5.06004543979227e+002    3.64842454394693e-003
 5.06978253813697e+002    3.64842454394693e-003
 5.08016877637131e+002    3.64842454394693e-003
 5.08990587471600e+002    3.64842454394693e-003
 5.10029211295034e+002    3.64842454394693e-003
 5.11002921129503e+002    3.64842454394693e-003
 5.11976630963973e+002    3.64842454394693e-003
 5.13015254787407e+002    3.64842454394693e-003
 5.13988964621876e+002    3.64842454394693e-003
 5.15027588445310e+002    3.64842454394693e-003
 5.16001298279779e+002    3.64842454394693e-003
 5.16975008114249e+002    3.64842454394693e-003
 5.18013631937682e+002    3.64842454394693e-003
 5.18987341772152e+002    3.64842454394693e-003
 5.20025965595586e+002    3.64842454394693e-003
 5.20999675430055e+002    3.64842454394693e-003
 5.21973385264525e+002    3.64842454394693e-003
 5.23012009087958e+002    3.64842454394693e-003
 5.23985718922428e+002    3.64842454394693e-003
 5.25024342745862e+002    3.64842454394693e-003
 5.25998052580331e+002    3.64842454394693e-003
 5.26971762414800e+002    3.64842454394693e-003
 5.28010386238234e+002    3.64842454394693e-003
 5.28984096072704e+002    3.64842454394693e-003
 5.30022719896138e+002    3.64842454394693e-003
 5.30996429730607e+002    3.64842454394693e-003
 5.31970139565076e+002    3.64842454394693e-003
 5.33008763388510e+002    3.64842454394693e-003
 5.33982473222979e+002    3.64842454394693e-003
 5.35021097046414e+002    3.64842454394693e-003
 5.35994806880883e+002    3.64842454394693e-003
 5.36968516715352e+002    3.64842454394693e-003
 5.38007140538786e+002    3.64842454394693e-003
 5.38980850373255e+002    3.64842454394693e-003
 5.40019474196689e+002    3.64842454394693e-003
 5.40993184031159e+002    3.64842454394693e-003
 5.42031807854593e+002    3.64842454394693e-003
 5.43005517689062e+002    3.64842454394693e-003
 5.43979227523531e+002    3.64842454394693e-003
 5.45017851346965e+002    3.64842454394693e-003
 5.45991561181435e+002    3.64842454394693e-003
 5.47030185004869e+002    3.64842454394693e-003
 5.48003894839338e+002    3.64842454394693e-003
 5.48977604673807e+002    3.64842454394693e-003
 5.50016228497241e+002    3.64842454394693e-003
 5.50989938331711e+002    4.47761194029851e-003
 5.52028562155144e+002    5.30679933665008e-003
 5.53002271989614e+002    5.30679933665008e-003
 5.53975981824083e+002    5.30679933665008e-003
 5.55014605647517e+002    5.14096185737977e-003
 5.55988315481986e+002    5.14096185737977e-003
 5.57026939305420e+002    5.14096185737977e-003
 5.58000649139890e+002    5.14096185737977e-003
 5.58974358974359e+002    5.14096185737977e-003
 5.60012982797793e+002    5.14096185737977e-003
 5.60986692632262e+002    5.14096185737977e-003
 5.62025316455696e+002    5.14096185737977e-003
 5.62999026290166e+002    5.14096185737977e-003
 5.63972736124635e+002    5.14096185737977e-003
 5.65011359948069e+002    5.30679933665008e-003
 5.65985069782538e+002    5.30679933665008e-003
 5.67023693605972e+002    5.30679933665008e-003
 5.67997403440441e+002    5.14096185737977e-003
 5.68971113274911e+002    5.97014925373134e-003
 5.70009737098345e+002    6.79933665008292e-003
 5.70983446932814e+002    6.63349917081260e-003
 5.72022070756248e+002    6.79933665008292e-003
 5.72995780590717e+002    6.79933665008292e-003
 5.73969490425187e+002    6.79933665008292e-003
 5.75008114248621e+002    6.63349917081260e-003
 5.75981824083090e+002    6.79933665008292e-003
 5.77020447906524e+002    6.79933665008292e-003
 5.77994157740993e+002    8.29187396351576e-003
 5.78967867575462e+002    8.29187396351576e-003
 5.80006491398897e+002    8.29187396351576e-003
 5.80980201233366e+002    8.29187396351576e-003
 5.82018825056800e+002    8.29187396351576e-003
 5.82992534891269e+002    8.29187396351576e-003
 5.84031158714703e+002    8.29187396351576e-003
 5.85004868549172e+002    8.29187396351576e-003
 5.85978578383642e+002    8.29187396351576e-003
 5.87017202207076e+002    8.29187396351576e-003
 5.87990912041545e+002    8.95522388059702e-003
 5.89029535864979e+002    9.78441127694859e-003
 5.90003245699448e+002    1.04477611940299e-002
 5.90976955533918e+002    1.04477611940299e-002
 5.92015579357352e+002    1.11111111111111e-002
 5.92989289191821e+002    1.11111111111111e-002
 5.94027913015255e+002    1.11111111111111e-002
 5.95001622849724e+002    1.11111111111111e-002
 5.95975332684194e+002    1.11111111111111e-002
 5.97013956507627e+002    1.11111111111111e-002
 5.97987666342097e+002    1.11111111111111e-002
 5.99026290165531e+002    1.11111111111111e-002
 6.00000000000000e+002    1.11111111111111e-002
 6.00973709834469e+002    1.11111111111111e-002
 6.02012333657903e+002    1.12769485903814e-002
 6.02986043492373e+002    1.19402985074627e-002
 6.04024667315807e+002    1.27694859038143e-002
 6.04998377150276e+002    1.27694859038143e-002
 6.05972086984745e+002    1.26036484245439e-002
 6.07010710808179e+002    1.26036484245439e-002
 6.07984420642649e+002    1.26036484245439e-002
 6.09023044466082e+002    1.34328358208955e-002
 6.09996754300552e+002    1.42620232172471e-002
 6.10970464135021e+002    1.42620232172471e-002
 6.12009087958455e+002    1.42620232172471e-002
 6.12982797792924e+002    1.42620232172471e-002
 6.14021421616358e+002    1.42620232172471e-002
 6.14995131450828e+002    1.42620232172471e-002
 6.15968841285297e+002    1.42620232172471e-002
 6.17007465108731e+002    1.42620232172471e-002
 6.17981174943200e+002    1.42620232172471e-002
 6.19019798766634e+002    1.42620232172471e-002
 6.19993508601103e+002    1.42620232172471e-002
 6.21032132424537e+002    1.42620232172471e-002
 6.22005842259007e+002    1.42620232172471e-002
 6.22979552093476e+002    1.42620232172471e-002
 6.24018175916910e+002    1.42620232172471e-002
 6.24991885751379e+002    1.42620232172471e-002
 6.26030509574813e+002    1.42620232172471e-002
 6.27004219409283e+002    1.42620232172471e-002
 6.27977929243752e+002    1.42620232172471e-002
 6.29016553067186e+002    1.42620232172471e-002
 6.29990262901655e+002    1.42620232172471e-002
 6.31028886725089e+002    1.40961857379768e-002
 6.32002596559559e+002    1.34328358208955e-002
 6.32976306394028e+002    1.27694859038143e-002
 6.34014930217462e+002    1.26036484245439e-002
 6.34988640051931e+002    1.26036484245439e-002
 6.36027263875365e+002    1.26036484245439e-002
 6.37000973709834e+002    1.26036484245439e-002
 6.37974683544304e+002    1.26036484245439e-002
 6.39013307367738e+002    1.26036484245439e-002
 6.39987017202207e+002    1.19402985074627e-002
 6.41025641025641e+002    1.11111111111111e-002
 6.41999350860110e+002    1.11111111111111e-002
 6.42973060694580e+002    1.12769485903814e-002
 6.44011684518014e+002    1.04477611940299e-002
 6.44985394352483e+002    9.61857379767828e-003
 6.46024018175917e+002    9.61857379767828e-003
 6.46997728010386e+002    9.61857379767828e-003
 6.47971437844855e+002    9.78441127694859e-003
 6.49010061668290e+002    8.29187396351576e-003
 6.49983771502759e+002    8.29187396351576e-003
 6.51022395326193e+002    8.29187396351576e-003
 6.51996105160662e+002    8.29187396351576e-003
 6.52969814995131e+002    8.29187396351576e-003
 6.54008438818565e+002    8.12603648424544e-003
 6.54982148653035e+002    7.46268656716418e-003
 6.56020772476469e+002    6.63349917081260e-003
 6.56994482310938e+002    6.79933665008292e-003
 6.57968192145407e+002    6.63349917081260e-003
 6.59006815968841e+002    6.63349917081260e-003
 6.59980525803311e+002    5.97014925373134e-003
 6.61019149626745e+002    5.14096185737977e-003
 6.61992859461214e+002    5.14096185737977e-003
 6.63031483284648e+002    5.14096185737977e-003
 6.64005193119117e+002    5.14096185737977e-003
 6.64978902953587e+002    5.30679933665008e-003
 6.66017526777020e+002    5.14096185737977e-003
 6.66991236611490e+002    4.47761194029851e-003
 6.68029860434924e+002    3.64842454394693e-003
 6.69003570269393e+002    3.64842454394693e-003
 6.69977280103862e+002    3.64842454394693e-003
 6.71015903927296e+002    3.64842454394693e-003
 6.71989613761766e+002    3.64842454394693e-003
 6.73028237585200e+002    3.64842454394693e-003
 6.74001947419669e+002    3.64842454394693e-003
 6.74975657254138e+002    3.64842454394693e-003
 6.76014281077572e+002    3.64842454394693e-003
 6.76987990912042e+002    3.64842454394693e-003
 6.78026614735476e+002    3.64842454394693e-003
 6.79000324569945e+002    3.64842454394693e-003
 6.79974034404414e+002    3.64842454394693e-003
 6.81012658227848e+002    3.64842454394693e-003
 6.81986368062317e+002    3.64842454394693e-003
 6.83024991885751e+002    3.64842454394693e-003
 6.83998701720221e+002    3.64842454394693e-003
 6.84972411554690e+002    3.64842454394693e-003
 6.86011035378124e+002    3.64842454394693e-003
 6.86984745212593e+002    3.64842454394693e-003
 6.88023369036027e+002    3.64842454394693e-003
 6.88997078870497e+002    3.64842454394693e-003
 6.89970788704966e+002    3.64842454394693e-003
 6.91009412528400e+002    3.64842454394693e-003
 6.91983122362869e+002    3.64842454394693e-003
 6.93021746186303e+002    3.64842454394693e-003
 6.93995456020773e+002    3.64842454394693e-003
 6.94969165855242e+002    3.64842454394693e-003
 6.96007789678676e+002    3.64842454394693e-003
 6.96981499513145e+002    3.64842454394693e-003
 6.98020123336579e+002    3.64842454394693e-003
 6.98993833171048e+002    3.64842454394693e-003
 7.00032456994482e+002    3.64842454394693e-003
 7.01006166828952e+002    3.64842454394693e-003
 7.01979876663421e+002    3.64842454394693e-003
 7.03018500486855e+002    3.64842454394693e-003
 7.03992210321324e+002    3.64842454394693e-003
 7.05030834144758e+002    3.64842454394693e-003
 7.06004543979227e+002    3.64842454394693e-003
 7.06978253813697e+002    3.64842454394693e-003
 7.08016877637131e+002    3.64842454394693e-003
 7.08990587471600e+002    3.64842454394693e-003
 7.10029211295034e+002    3.64842454394693e-003
 7.11002921129503e+002    3.64842454394693e-003
 7.11976630963973e+002    3.64842454394693e-003
 7.13015254787407e+002    3.64842454394693e-003
 7.13988964621876e+002    3.64842454394693e-003
 7.15027588445310e+002    3.64842454394693e-003
 7.16001298279779e+002    3.64842454394693e-003
 7.16975008114249e+002    3.64842454394693e-003
 7.18013631937683e+002    3.64842454394693e-003
 7.18987341772152e+002    3.64842454394693e-003
 7.20025965595586e+002    3.64842454394693e-003
 7.20999675430055e+002    3.64842454394693e-003
 7.21973385264525e+002    3.64842454394693e-003
 7.23012009087959e+002    3.64842454394693e-003
 7.23985718922428e+002    3.64842454394693e-003
 7.25024342745862e+002    3.64842454394693e-003
 7.25998052580331e+002    3.64842454394693e-003
 7.26971762414800e+002    3.64842454394693e-003
 7.28010386238234e+002    3.64842454394693e-003
 7.28984096072704e+002    3.64842454394693e-003
 7.30022719896138e+002    3.64842454394693e-003
 7.30996429730607e+002    3.64842454394693e-003
 7.31970139565076e+002    3.64842454394693e-003
 7.33008763388510e+002    3.64842454394693e-003
 7.33982473222980e+002    3.64842454394693e-003
 7.35021097046414e+002    3.64842454394693e-003
 7.35994806880883e+002    3.64842454394693e-003
 7.36968516715352e+002    3.64842454394693e-003
 7.38007140538786e+002    3.64842454394693e-003
 7.38980850373255e+002    3.64842454394693e-003
 7.40019474196689e+002    3.64842454394693e-003
 7.40993184031159e+002    3.64842454394693e-003
 7.42031807854593e+002    3.64842454394693e-003
 7.43005517689062e+002    3.64842454394693e-003
 7.43979227523531e+002    3.64842454394693e-003
 7.45017851346965e+002    3.64842454394693e-003
 7.45991561181435e+002    3.64842454394693e-003
 7.47030185004868e+002    3.64842454394693e-003
 7.48003894839338e+002    3.64842454394693e-003
 7.48977604673807e+002    3.64842454394693e-003
 7.50016228497241e+002    3.64842454394693e-003
 7.50989938331711e+002    3.64842454394693e-003
 7.52028562155144e+002    3.64842454394693e-003
 7.53002271989614e+002    3.64842454394693e-003
 7.53975981824083e+002    3.64842454394693e-003
 7.55014605647517e+002    3.64842454394693e-003
 7.55988315481986e+002    3.64842454394693e-003
 7.57026939305420e+002    3.64842454394693e-003
 7.58000649139890e+002    3.64842454394693e-003
 7.58974358974359e+002    3.64842454394693e-003
 7.60012982797793e+002    3.64842454394693e-003
 7.60986692632262e+002    3.64842454394693e-003
 7.62025316455696e+002    3.64842454394693e-003
 7.62999026290165e+002    3.64842454394693e-003
 7.63972736124635e+002    3.64842454394693e-003
 7.65011359948069e+002    3.64842454394693e-003
 7.65985069782538e+002    3.64842454394693e-003
 7.67023693605972e+002    3.64842454394693e-003
 7.67997403440441e+002    3.64842454394693e-003
 7.68971113274911e+002    3.64842454394693e-003
 7.70009737098345e+002    3.64842454394693e-003
 7.70983446932814e+002    3.64842454394693e-003
 7.72022070756248e+002    3.64842454394693e-003
 7.72995780590717e+002    3.64842454394693e-003
 7.73969490425187e+002    3.64842454394693e-003
 7.75008114248621e+002    3.64842454394693e-003
 7.75981824083090e+002    3.64842454394693e-003
 7.77020447906524e+002    3.64842454394693e-003
 7.77994157740993e+002    3.64842454394693e-003
 7.78967867575462e+002    3.64842454394693e-003
 7.80006491398897e+002    3.64842454394693e-003
 7.80980201233366e+002    3.64842454394693e-003
 7.82018825056800e+002    3.64842454394693e-003
 7.82992534891269e+002    3.64842454394693e-003
 7.84031158714703e+002    3.64842454394693e-003
 7.85004868549172e+002    3.64842454394693e-003
 7.85978578383642e+002    3.64842454394693e-003
 7.87017202207076e+002    3.64842454394693e-003
 7.87990912041545e+002    3.64842454394693e-003
 7.89029535864979e+002    3.64842454394693e-003
 7.90003245699448e+002    3.64842454394693e-003
 7.90976955533918e+002    3.64842454394693e-003
 7.92015579357352e+002    3.64842454394693e-003
 7.92989289191821e+002    3.64842454394693e-003
 7.94027913015255e+002    3.64842454394693e-003
 7.95001622849724e+002    3.64842454394693e-003
 7.95975332684194e+002    3.64842454394693e-003
 7.97013956507627e+002    3.64842454394693e-003
 7.97987666342097e+002    3.64842454394693e-003
 7.99026290165531e+002    3.64842454394693e-003
 8.00000000000000e+002    3.64842454394693e-003
