 9.95347830790869e-003    4.84245439469320e-002
 2.00151465974251e-002    5.20729684908789e-002
 2.99686249053338e-002    4.99170812603648e-002
 4.00302931948502e-002    3.88059701492537e-002
 4.00302931948502e-002    4.62686567164179e-002
 4.99837715027588e-002    3.99668325041459e-002
 6.00454397922752e-002    3.63184079601990e-002
 6.99989181001839e-002    2.96849087893864e-002
 7.99523964080926e-002    2.55389718076285e-002
 9.00140646976090e-002    2.37147595356551e-002
 9.99675430055177e-002    2.32172470978441e-002
 1.10029211295034e-001    1.99004975124378e-002
 1.19982689602943e-001    1.85737976782753e-002
 1.30044357892459e-001    1.82421227197347e-002
 1.39997836200368e-001    1.32669983416252e-002
 1.49951314508277e-001    1.19402985074627e-002
 1.60012982797793e-001    1.16086235489221e-002
 1.69966461105702e-001    1.12769485903814e-002
 1.80028129395218e-001    8.78938640132670e-003
 1.89981607703127e-001    8.12603648424544e-003
 2.00043275992643e-001    7.96019900497512e-003
 2.09996754300552e-001    6.46766169154229e-003
 2.19950232608460e-001    5.63847429519071e-003
 2.30011900897977e-001    4.97512437810945e-003
 2.39965379205886e-001    4.47761194029851e-003
 2.50027047495402e-001    4.47761194029851e-003
 2.59980525803311e-001    4.47761194029851e-003
 2.70042194092827e-001    3.64842454394693e-003
 2.79995672400736e-001    3.15091210613599e-003
 2.89949150708644e-001    2.65339966832504e-003
 3.00010818998161e-001    1.65837479270315e-003
 3.09964297306069e-001    9.95024875621890e-004
 3.20025965595586e-001    1.16086235489221e-003
 3.29979443903495e-001    1.16086235489221e-003
 3.40041112193011e-001    1.49253731343284e-003
 3.49994590500920e-001    1.65837479270315e-003
 3.59948068808828e-001    1.32669983416252e-003
 3.70009737098345e-001    1.49253731343284e-003
 3.79963215406253e-001    1.49253731343284e-003
 3.90024883695770e-001    6.63349917081260e-004
 3.99978362003678e-001    8.29187396351575e-004
 4.10040030293195e-001    6.63349917081260e-004
 4.19993508601104e-001    1.82421227197347e-003
 4.29946986909012e-001    1.82421227197347e-003
 4.40008655198529e-001    1.99004975124378e-003
 4.49962133506437e-001    1.49253731343284e-003
 4.60023801795954e-001    1.32669983416252e-003
 4.69977280103862e-001    1.16086235489221e-003
 4.80038948393379e-001    1.16086235489221e-003
 4.89992426701287e-001    6.63349917081260e-004
 5.00054094990804e-001    3.48258706467662e-003
 5.10007573298712e-001    6.63349917081260e-004
 5.19961051606621e-001    2.15588723051410e-003
 5.30022719896138e-001    2.15588723051410e-003
 5.39976198204046e-001    2.15588723051410e-003
 5.50037866493563e-001    2.48756218905473e-003
 5.59991344801471e-001    2.98507462686567e-003
 5.70053013090988e-001    3.31674958540630e-003
 5.80006491398896e-001    3.48258706467662e-003
 5.89959969706805e-001    3.64842454394693e-003
 6.00021637996322e-001    3.64842454394693e-003
 6.09975116304230e-001    3.64842454394693e-003
 6.20036784593747e-001    3.64842454394693e-003
 6.29990262901655e-001    3.64842454394693e-003
 6.40051931191172e-001    3.64842454394693e-003
 6.50005409499080e-001    3.64842454394693e-003
 6.59958887806989e-001    3.64842454394693e-003
 6.70020556096505e-001    3.64842454394693e-003
 6.79974034404414e-001    3.64842454394693e-003
 6.90035702693931e-001    3.64842454394693e-003
 6.99989181001839e-001    3.64842454394693e-003
 7.10050849291356e-001    3.64842454394693e-003
 7.20004327599264e-001    3.64842454394693e-003
 7.29957805907173e-001    3.64842454394693e-003
 7.40019474196689e-001    3.64842454394693e-003
 7.49972952504598e-001    3.64842454394693e-003
 7.60034620794114e-001    3.64842454394693e-003
 7.69988099102023e-001    3.64842454394693e-003
 7.80049767391540e-001    3.64842454394693e-003
 7.90003245699448e-001    1.99004975124378e-003
 7.99956724007357e-001    8.29187396351575e-004
 8.10018392296873e-001    6.63349917081260e-004
 8.19971870604782e-001    6.63349917081260e-004
 8.30033538894298e-001    8.29187396351575e-004
 8.39987017202207e-001    6.63349917081260e-004
 8.50048685491724e-001    6.63349917081260e-004
 8.60002163799632e-001    9.95024875621890e-004
 8.69955642107541e-001    9.95024875621890e-004
 8.80017310397057e-001    1.49253731343284e-003
 8.89970788704966e-001    1.32669983416252e-003
 9.00032456994482e-001    1.49253731343284e-003
 9.09985935302391e-001    1.82421227197347e-003
 9.20047603591907e-001    1.32669983416252e-003
 9.30001081899816e-001    1.65837479270315e-003
 9.39954560207725e-001    1.65837479270315e-003
 9.50016228497241e-001    1.82421227197347e-003
 9.59969706805150e-001    1.65837479270315e-003
 9.70031375094666e-001    1.82421227197347e-003
 9.79984853402575e-001    1.82421227197347e-003
 9.90046521692091e-001    1.49253731343284e-003
 1.00000000000000e+000    3.64842454394693e-003
